14.,32.61
25.83,87.28,30.00
20.89,94.78,30.14
21.59,,34.84
24.41,77.21,34.92
24.80,86.73,33.92
25.60,84.36,34.18
23.47,91.84,32.61
25.83,87.28,30.00
20.89,94.78,30.14
21.59,,34.84
24.41,77.21,34.92
24.80,86.73,33.92
25.60,84.36,34.18
23.47,91.84,32.61
25.83,87.28,30.00
20.89,94.78,30.14
21.59,12.03,0.00,217.00
16.12,0.26,149.98
23.52,0.77,262.84
20.89,1.10,241.67
21.65,1.45,238.42
20.40,1.80,254.03
20.63,2.14,234.71
20.42,2.51,235.23
20.20,2.85,232.71
20.23,3.20,232.11
20.08,3.54,231.43
19.93,3.89,230.68
20.12,4.31,229.86
20.38,4.63,232.87
20.13,5.21,228.99
21.21,5.30,229.89
19.86,5.81,226.86
22.00,5.99,227.60
19.56,6.46,231.11
21.92,6.75,226.92
19.49,7.18,250.90
21.64,7.46,224.99
19.15,7.84,249.41
19.82,8.62,219.08
18.79,8.44,237.52
18.96,9.91,215.70
18.64,9.05,217.51
18.56,10.45,210.28
19.62,9.70,212.79
18.29,10.73,207.28
20.30,10.37,209.58
18.00,11.13,216.01
19.96,11.27,207.77
17.69,11.68,226.44
19.08,12.23,204.77
17.71,12.65,221.17
18.05,13.93,200.64
17.47,13.27,206.85
17.58,14.70,199.37
17.88,14.10,201.28
17.29,14.79,199.94
19.01,14.98,199.24
17.23,15.69,199.91
18.23,15.81,198.20
16.99,16.71,210.05
17.38,17.01,195.87
16.83,17.68,208.40
16.58,17.59,182.09
15.45,17.10,179.33
14.81,18.48,165.98
13.89,16.56,162.63
13.49,17.75,151.67
13.09,16.21,146.53
12.33,16.50,139.02
13.01,15.79,132.25
11.00,15.85,125.04
11.21,15.25,119.11
9.97,15.72,126.90
9.79,15.23,109.16
9.16,15.31,109.70
8.89,15.25,99.00
8.28,15.02,97.45
7.94,16.01,88.73
7.32,14.44,86.26
7.11,16.29,80.22
6.67,14.22,77.34
6.35,14.81,71.18
6.64,13.96,68.77
5.65,14.46,64.43
6.09,13.83,62.00
5.07,14.09,60.54
4.91,13.68,54.37
4.47,13.93,58.40
4.26,13.59,47.66
3.89,13.66,46.86
3.68,14.23,41.15
3.35,13.53,39.43
3.14,14.86,35.32
2.90,13.38,33.06
2.59,13.52,29.38
2.62,13.13,26.74
2.09,13.34,24.87
1.93,13.03,21.02
1.58,13.24,20.47
1.40,13.00,15.68
1.14,13.02,13.42
0.91,14.35,10.39
0.68,13.06,7.85
0.45,13.41,5.20
0.25,12.98,2.60
-0.00,13.07,-0.00
-0.29,15.36,149.00
-0.00,15.68,164.00
0.27,15.36,147.00
0.53,15.15,146.00
0.80,15.24,147.00
1.06,15.33,147.00
1.34,15.52,146.00
1.63,15.49,150.00
1.91,15.87,149.00
2.46,15.42,151.00
2.45,15.69,157.00
2.81,15.44,151.00
2.99,15.60,165.00
3.35,15.44,151.00
3.55,15.58,155.00
3.92,16.94,153.00
4.14,15.55,156.00
4.49,16.08,154.00
4.95,15.49,157.00
5.07,16.01,156.00
5.96,15.52,159.00
5.68,16.01,168.00
6.26,15.71,162.00
6.34,15.99,183.00
6.86,15.97,166.00
7.14,16.14,173.00
7.60,16.58,169.00
7.84,16.16,175.00
8.30,17.88,173.00
8.49,16.06,177.00
8.97,17.10,176.00
9.25,16.02,180.00
9.85,17.11,184.00
10.97,16.49,186.00
10.59,16.66,186.00
12.22,16.38,190.00
11.45,16.70,194.00
12.72,16.66,198.00
12.52,16.78,214.00
13.39,16.72,204.00
13.62,17.06,223.00
14.45,16.90,212.00
14.61,16.88,218.00
15.53,18.25,223.00
15.90,17.28,231.00
16.99,17.97,231.00
17.52,17.59,239.00
17.90,17.57,236.00
18.73,16.97,241.00
18.64,16.93,237.00
19.72,15.98,229.00
18.66,15.59,232.00
19.41,15.00,230.00
18.94,14.80,246.00
19.70,14.34,225.00
19.62,14.13,232.00
19.61,14.27,225.00
19.50,13.09,226.00
19.81,13.49,222.00
20.12,12.41,223.00
19.98,12.38,225.00
20.82,11.50,217.00
20.20,11.20,221.00
21.78,10.89,223.00
20.96,10.77,246.00
21.98,10.45,226.00
21.60,10.16,251.00
22.54,10.46,231.00
22.42,9.60,242.00
23.26,10.45,236.00
23.13,8.99,245.00
23.77,9.33,242.00
26.69,8.30,244.00
24.26,8.04,242.00
27.19,7.40,250.00
24.72,7.23,267.00
26.45,6.49,235.00
21.30,5.44,246.00
22.20,4.98,209.00
21.06,4.59,236.00
21.75,4.41,206.00
21.10,3.78,225.00
21.99,4.02,215.00
24.74,3.51,247.00
25.31,3.50,240.00
25.68,2.61,243.00
24.89,2.46,234.00
27.22,1.71,239.00
24.74,1.41,231.00
28.31,0.84,235.00
43.70,0.00,249.00
52.85,0.78,240.96
45.38,1.62,274.83
48.40,2.45,237.67
44.92,3.14,255.38
45.05,4.42,233.11
43.84,4.67,235.70
44.13,5.49,230.27
43.84,6.11,228.75
43.35,6.84,227.17
43.03,7.59,226.51
43.08,8.37,225.77
43.30,9.20,227.91
43.32,10.09,235.80
44.25,10.66,227.05
42.94,11.65,255.00
44.39,12.10,224.94
42.15,13.17,247.68
43.55,15.57,218.74
41.68,14.54,229.76
42.67,17.88,217.07
45.25,15.80,221.26
40.69,17.66,210.47
45.14,15.58,196.99
37.13,17.07,225.65
39.08,17.01,192.14
36.19,18.07,220.20
37.23,20.62,188.00
35.72,19.44,198.66
37.55,23.87,188.04
39.66,20.13,190.53
34.67,21.72,187.72
39.48,20.93,180.63
33.45,22.45,209.67
34.64,23.37,172.44
31.57,22.65,181.85
32.42,27.03,154.52
28.95,20.90,151.74
27.37,22.09,140.27
30.40,21.85,142.22
26.75,22.94,159.34
26.93,23.41,142.64
25.81,23.62,142.68
26.79,27.98,136.03
26.63,25.18,141.71
27.39,28.74,143.54
30.49,27.86,141.71
26.03,28.61,143.90
26.81,28.64,137.84
25.54,29.38,146.96
25.63,30.11,133.70
24.74,31.14,135.30
24.90,34.58,129.90
24.00,32.31,129.99
24.00,35.04,124.61
23.86,33.45,123.32
22.62,34.33,116.87
23.90,32.65,112.20
20.53,33.82,106.51
20.93,32.06,101.98
18.60,32.88,104.50
18.41,31.71,92.60
16.93,32.18,97.65
16.63,31.28,83.99
15.22,31.56,85.48
14.68,33.03,74.38
13.66,30.85,74.43
13.12,34.43,67.60
12.22,30.25,65.18
11.62,31.00,60.21
11.68,30.30,58.49
10.50,31.21,54.37
11.44,30.31,51.91
9.26,30.66,50.29
8.94,29.90,45.20
8.00,30.41,47.36
7.66,29.62,38.95
6.87,29.93,37.57
6.43,33.04,33.06
5.72,29.78,30.91
5.27,30.63,27.26
4.98,29.40,24.72
4.14,30.23,21.57
4.00,29.17,18.89
3.07,29.60,17.67
2.64,29.08,13.33
2.02,29.12,11.16
1.54,30.49,7.90
1.01,28.79,5.34
0.50,31.48,2.60
-0.00,28.43,-0.00
-0.54,31.39,147.00
-0.00,30.98,151.00
0.54,31.18,152.00
1.09,31.38,151.00
1.65,31.35,152.00
2.19,31.32,151.00
2.74,31.28,153.00
3.35,34.12,152.00
3.85,31.57,156.00
4.46,34.18,153.00
5.20,31.62,156.00
5.60,32.56,154.00
6.94,31.23,155.00
6.66,31.93,163.00
7.48,31.20,156.00
7.85,31.67,172.00
8.56,31.33,157.00
9.00,31.58,163.00
9.73,35.39,158.00
10.09,31.44,162.00
10.76,32.83,158.00
11.88,31.26,162.00
12.07,32.03,160.00
13.94,31.23,163.00
13.32,31.77,169.00
14.46,31.34,166.00
14.59,32.03,187.00
15.68,31.21,168.00
16.05,31.86,181.00
17.37,33.04,172.00
17.54,31.82,179.00
19.02,36.01,177.00
19.27,32.08,186.00
20.49,33.50,186.00
21.40,32.96,191.00
21.62,32.40,184.00
23.14,31.85,189.00
23.34,33.30,192.00
26.53,31.22,189.00
23.55,30.31,182.00
25.38,29.08,179.00
23.79,28.35,190.00
24.55,27.46,174.00
24.07,27.04,181.00
25.10,26.00,170.00
24.55,25.43,171.00
24.85,25.14,167.00
24.68,23.83,169.00
23.42,22.69,148.00
22.71,20.59,149.00
23.54,21.01,148.00
23.57,19.65,148.00
23.27,19.50,147.00
24.58,18.30,145.00
23.74,18.02,143.00
25.57,17.48,142.00
24.35,17.05,143.00
25.51,16.39,140.00
24.24,15.97,148.00
24.51,15.09,139.00
24.77,14.67,144.00
24.85,14.76,138.00
25.09,13.91,137.00
25.70,15.32,139.00
25.56,13.12,141.00
25.97,14.22,138.00
27.89,12.21,142.00
26.78,12.18,139.00
32.15,11.29,141.00
27.18,11.53,142.00
32.03,10.28,141.00
27.35,10.31,163.00
29.68,9.54,144.00
27.49,9.32,169.00
32.01,9.97,154.00
30.98,9.00,168.00
31.93,9.85,156.00
31.27,8.00,166.00
32.62,9.07,157.00
32.74,6.83,163.00
33.06,7.50,157.00
36.24,5.74,163.00
33.06,5.76,157.00
40.56,4.60,163.00
33.43,4.31,175.00
40.32,3.43,162.00
33.55,3.03,200.00
37.33,2.39,164.00
33.84,1.81,201.00
36.57,1.42,165.00
47.95,0.00,198.00
48.82,1.01,150.98
50.55,1.58,164.90
45.26,2.75,148.80
55.42,3.02,152.63
43.40,3.92,168.36
45.07,4.52,147.19
42.95,5.27,154.84
42.85,6.18,146.56
42.74,6.77,146.18
42.61,7.46,145.75
42.19,8.20,144.30
42.61,9.18,145.74
42.45,9.87,147.13
43.12,11.32,144.57
47.16,11.20,148.75
42.44,12.89,142.27
50.89,12.48,143.45
41.15,13.91,147.41
49.21,13.80,139.94
39.84,14.90,168.20
43.67,15.30,136.30
38.49,16.10,165.04
40.37,18.74,130.71
37.39,17.12,138.86
38.16,21.75,126.88
39.68,17.69,130.33
36.73,20.31,123.85
44.92,18.94,127.14
35.80,20.69,130.32
40.01,19.00,110.85
31.33,19.58,138.00
33.72,21.07,109.40
31.88,20.86,124.12
31.75,26.16,104.46
29.46,21.13,106.49
29.80,24.75,99.51
32.92,21.82,103.02
28.57,23.04,102.44
31.13,23.37,101.81
28.44,24.62,116.44
30.01,24.74,98.11
27.81,25.43,100.32
28.65,30.11,95.81
27.55,26.81,98.55
27.29,28.94,91.22
29.04,27.34,92.39
26.32,29.51,90.71
31.69,29.77,93.68
26.85,32.00,103.00
27.63,31.13,89.35
25.94,33.17,98.17
26.46,35.48,86.81
25.51,35.02,93.88
27.84,44.00,95.81
27.33,39.28,95.21
26.81,43.14,92.27
29.46,40.21,91.50
25.41,42.15,86.91
28.01,41.60,87.04
24.41,43.55,90.00
25.23,43.73,82.90
23.75,45.69,91.55
24.16,46.11,81.72
23.20,48.35,84.17
23.11,52.73,76.92
21.52,48.61,76.06
20.68,54.10,68.38
18.95,47.17,67.05
18.23,48.59,61.28
18.50,46.43,58.83
16.09,48.10,54.37
17.62,46.16,51.61
14.10,46.97,51.46
13.70,45.53,45.20
12.18,46.32,47.36
11.60,44.82,38.47
10.46,45.30,37.12
9.79,51.19,32.64
8.70,45.06,30.53
8.02,46.64,26.92
7.55,44.47,24.56
6.31,46.03,21.29
5.95,44.11,18.65
4.65,44.78,17.35
3.98,43.98,13.25
3.08,44.62,11.30
2.34,45.84,7.85
1.52,44.12,5.34
0.77,47.36,2.60
-0.00,43.86,-0.00
-0.81,47.58,150.00
-0.00,45.73,150.00
0.78,45.11,149.00
1.57,45.09,147.00
2.36,45.05,146.00
3.19,45.31,147.00
3.96,45.56,150.00
4.88,48.56,149.00
5.61,46.31,154.00
6.49,50.19,149.00
7.25,45.78,153.00
8.10,47.17,150.00
10.08,46.11,153.00
9.77,47.15,162.00
10.98,45.47,153.00
11.44,46.18,167.00
12.56,45.97,153.00
13.03,46.04,160.00
14.18,50.83,154.00
14.80,45.85,158.00
16.00,47.33,156.00
17.97,45.88,160.00
17.83,47.31,160.00
20.95,46.13,162.00
19.56,47.22,169.00
21.24,46.02,164.00
21.68,47.33,185.00
23.71,47.22,171.00
24.13,48.46,185.00
25.53,48.29,174.00
26.37,48.11,180.00
27.19,50.58,169.00
26.90,44.23,169.00
26.36,44.55,158.00
26.59,40.69,159.00
27.82,42.01,156.00
29.42,38.73,151.00
27.61,38.50,150.00
30.87,36.28,151.00
28.16,36.04,147.00
29.17,32.90,135.00
25.42,30.30,134.00
26.15,29.15,125.00
25.64,28.94,133.00
26.34,27.80,121.00
25.54,26.45,121.00
26.22,27.75,117.00
26.01,25.33,120.00
26.67,25.08,113.00
26.64,23.99,118.00
26.59,23.52,112.00
30.30,22.25,112.00
27.14,21.98,114.00
28.00,20.55,110.00
26.90,20.27,118.00
27.75,19.44,107.00
27.34,19.14,109.00
27.92,19.35,105.00
27.21,17.67,106.00
28.04,19.49,104.00
27.28,16.23,104.00
28.10,16.53,104.00
30.54,15.58,106.00
28.65,15.52,105.00
34.69,14.73,106.00
29.16,14.49,114.00
32.49,13.71,106.00
29.64,13.57,132.00
31.57,13.52,105.00
29.80,12.39,113.00
33.18,16.17,113.00
33.97,12.47,120.00
34.48,13.48,116.00
39.38,11.08,119.00
34.58,11.20,115.00
44.56,9.97,118.00
34.62,9.68,124.00
42.58,8.60,117.00
34.93,8.27,147.00
38.39,7.39,117.00
35.19,6.90,127.00
35.91,8.05,115.00
35.71,5.61,121.00
35.80,6.28,115.00
42.63,4.37,119.00
35.96,4.23,115.00
46.79,3.04,118.00
35.76,2.69,135.00
46.60,1.88,119.00
36.13,1.33,154.00
54.70,0.00,118.00
44.54,0.80,154.98
47.25,2.00,111.93
43.70,2.31,124.83
44.05,3.87,109.73
51.38,3.71,111.57
42.36,4.66,108.40
43.44,5.19,108.19
42.18,5.87,111.90
41.29,6.60,106.67
41.56,7.26,107.34
41.42,8.05,106.02
41.28,8.94,109.55
43.02,10.81,108.16
42.08,10.59,111.58
43.03,14.16,106.25
42.07,11.95,110.55
42.22,15.54,105.19
49.80,13.04,107.47
41.01,15.14,107.79
53.97,14.30,104.31
40.13,16.24,129.77
46.73,15.66,101.06
38.13,17.10,129.79
40.69,21.61,98.66
37.18,18.00,105.13
38.63,23.64,94.37
43.52,18.98,99.79
37.95,21.65,94.48
49.55,20.46,97.96
36.55,22.47,111.72
42.54,21.73,96.00
35.79,23.60,121.27
37.36,26.18,87.22
31.10,22.07,88.71
32.65,28.01,81.92
38.88,23.43,84.95
31.83,25.40,87.85
36.95,25.02,83.53
32.19,27.54,95.59
32.92,31.14,81.20
30.37,27.17,83.02
31.65,33.47,76.54
34.01,27.45,77.52
28.95,29.04,74.09
36.47,29.84,77.07
29.86,32.04,99.34
29.85,30.86,72.29
28.24,32.23,79.63
29.48,41.87,72.82
30.39,33.22,73.92
26.80,35.83,69.23
33.68,34.48,72.65
27.51,39.01,89.07
28.71,37.62,68.18
26.00,37.13,68.26
26.22,46.32,64.87
29.15,38.34,65.36
24.64,41.75,63.59
27.17,40.86,63.86
24.23,43.31,72.50
27.47,47.84,68.36
25.68,49.33,74.65
25.90,50.48,65.37
24.84,51.62,67.07
25.26,59.14,63.39
24.00,54.97,64.26
23.97,62.94,60.95
23.86,57.96,60.69
22.82,61.65,57.70
25.39,60.58,57.80
21.50,63.54,54.70
21.73,60.20,50.68
18.51,61.65,52.92
17.88,59.34,44.10
15.98,60.76,44.78
15.22,61.04,38.22
13.80,60.53,36.89
12.92,66.88,32.64
11.63,59.83,30.15
10.65,61.57,26.74
10.21,59.43,24.40
8.37,60.75,21.15
7.90,58.56,18.52
6.17,59.07,16.83
5.28,58.00,13.16
4.09,58.86,10.81
3.11,63.21,7.85
2.03,58.96,5.34
1.02,63.29,2.60
-0.00,58.61,-0.00
-1.06,61.81,148.00
-0.00,61.01,152.00
1.08,61.81,156.00
2.12,60.16,149.00
3.19,60.11,148.00
4.26,60.86,150.00
5.32,61.18,151.00
6.42,67.55,148.00
7.44,60.96,152.00
8.55,63.24,150.00
10.24,61.06,153.00
10.74,62.09,151.00
13.27,60.69,153.00
12.94,61.27,162.00
14.09,59.05,150.00
14.76,59.59,165.00
16.11,60.90,151.00
16.93,59.82,156.00
18.43,67.29,152.00
19.23,59.57,157.00
20.66,60.76,155.00
23.79,59.62,157.00
23.03,61.14,157.00
27.12,59.58,159.00
25.27,60.65,166.00
27.79,60.19,162.00
27.85,60.09,173.00
29.06,57.76,159.00
28.81,57.26,167.00
29.22,53.51,149.00
29.38,53.01,150.00
30.10,56.71,146.00
29.96,49.16,143.00
30.39,50.71,140.00
33.23,46.39,138.00
30.25,46.20,132.00
36.16,43.31,132.00
31.08,42.78,132.00
33.29,41.25,127.00
31.55,40.38,144.00
31.74,38.25,122.00
31.63,37.39,119.00
31.49,36.53,118.00
31.84,35.36,119.00
32.18,38.97,114.00
31.64,32.77,114.00
32.50,35.66,112.00
32.48,31.64,111.00
32.72,30.79,106.00
36.27,28.85,107.00
32.54,28.55,103.00
36.77,26.41,100.00
31.61,25.85,99.00
32.05,24.79,101.00
32.48,24.48,107.00
32.91,23.43,97.00
32.32,22.63,99.00
33.38,23.20,95.00
32.41,21.49,97.00
32.77,21.77,93.00
31.38,19.27,93.00
31.70,18.91,90.00
35.22,17.94,91.00
33.04,17.76,90.00
39.50,16.25,92.00
32.90,16.40,108.00
35.02,15.30,91.00
34.56,15.88,110.00
37.07,18.28,95.00
36.20,14.78,102.00
37.59,17.35,96.00
39.75,13.35,98.00
37.30,13.64,94.00
48.74,11.56,97.00
36.56,11.65,108.00
41.83,10.20,93.00
35.36,10.21,119.00
38.28,10.43,92.00
36.06,8.60,100.00
38.59,10.49,90.00
40.72,7.14,98.00
37.65,7.91,90.00
51.02,5.85,96.00
37.86,5.55,115.00
47.23,4.46,95.00
37.62,4.17,130.00
40.11,4.18,93.00
36.92,2.70,106.00
39.40,2.77,93.00
45.12,1.36,102.00
47.51,0.00,101.00
63.50,0.76,95.99
44.58,1.66,128.92
49.87,2.71,91.87
43.04,3.04,100.75
42.50,4.61,84.68
50.63,4.26,87.52
40.90,5.26,89.33
41.77,5.74,84.17
41.18,6.52,83.95
41.06,7.24,82.72
40.93,7.86,83.44
40.78,9.07,83.14
47.24,9.38,86.72
41.40,11.02,84.42
53.85,10.92,85.00
40.54,12.29,114.39
45.90,12.62,82.24
40.11,13.33,96.06
42.17,19.41,81.31
43.28,14.76,88.33
39.83,18.76,81.22
55.29,15.26,83.45
37.93,17.24,107.70
44.29,19.13,77.65
36.91,18.03,84.29
37.91,24.23,74.60
44.06,18.71,74.84
37.24,20.94,80.35
47.07,19.51,76.09
35.27,21.09,101.32
37.82,25.97,72.00
34.95,22.61,79.72
37.00,30.89,72.13
45.02,23.31,75.44
34.55,25.86,72.90
43.93,24.79,70.38
32.91,26.55,93.44
35.15,25.97,69.34
33.16,27.46,76.16
33.80,31.16,68.94
32.20,28.31,68.68
33.15,36.01,66.14
32.62,30.42,69.48
32.43,32.33,65.46
37.71,31.54,66.47
31.32,34.18,63.91
39.02,33.68,66.15
31.47,35.67,70.93
32.76,35.13,64.29
29.92,37.51,76.49
32.65,37.68,62.30
30.15,40.50,71.42
32.09,44.53,62.59
29.92,42.36,65.24
31.14,50.44,61.95
29.82,45.02,65.43
30.63,50.82,62.09
32.11,47.69,63.06
29.71,50.70,60.77
34.66,50.38,61.00
28.67,53.00,61.09
30.73,53.08,59.62
27.95,56.59,68.10
28.90,57.08,57.43
27.25,59.76,59.59
27.41,65.55,56.54
26.14,63.37,56.66
26.33,74.62,54.69
25.19,66.99,53.76
25.20,72.44,51.30
26.04,70.59,50.79
23.67,74.23,48.52
26.51,75.11,47.95
22.05,78.76,47.13
22.34,77.27,43.74
19.23,77.62,41.61
17.89,83.14,36.44
16.23,76.35,34.31
14.89,81.86,30.15
13.64,75.91,27.44
11.98,77.57,24.40
12.01,73.93,21.71
9.16,75.55,19.99
8.06,73.29,16.10
6.42,73.89,14.82
5.24,74.96,10.53
3.81,72.62,7.96
2.55,82.37,5.17
1.24,71.74,2.60
-0.00,73.21,-0.00
-1.42,73.49,152.00
-0.00,76.50,146.00
1.29,71.49,145.00
2.53,74.45,150.00
3.95,75.40,151.00
5.30,75.32,155.00
6.67,79.70,150.00
7.89,75.58,154.00
9.51,85.36,152.00
10.37,73.77,151.00
11.81,75.06,149.00
15.02,73.86,153.00
14.31,75.09,156.00
16.53,73.36,151.00
16.87,74.05,173.00
18.63,72.77,151.00
19.54,73.89,156.00
21.36,80.75,152.00
22.37,74.59,156.00
24.26,77.04,156.00
26.86,74.22,158.00
27.02,75.65,157.00
32.79,74.22,160.00
29.22,73.71,160.00
30.28,69.04,150.00
30.51,68.52,163.00
31.27,64.80,142.00
30.25,62.47,149.00
31.10,58.81,131.00
30.28,56.95,129.00
31.03,58.60,126.00
30.75,52.83,125.00
31.42,59.14,118.00
31.27,49.61,119.00
31.59,51.58,115.00
33.55,46.84,113.00
32.12,45.87,111.00
37.32,44.09,107.00
32.50,43.92,106.00
36.63,40.98,105.00
32.41,40.80,120.00
33.10,38.69,101.00
33.13,38.49,115.00
33.79,36.41,99.00
33.08,36.57,101.00
33.34,37.77,95.00
33.59,33.59,98.00
34.17,35.43,92.00
34.37,31.37,95.00
33.07,30.45,88.00
35.85,28.54,89.00
34.86,29.25,98.00
35.75,28.32,89.00
35.07,27.40,92.00
35.14,28.89,87.00
36.00,25.57,88.00
35.22,25.81,84.00
38.55,24.32,81.00
35.22,23.15,89.00
36.89,21.99,84.00
34.29,21.63,84.00
36.37,22.25,80.00
35.42,19.63,84.00
36.20,22.77,80.00
41.88,18.39,84.00
37.30,18.41,79.00
48.94,17.12,83.00
38.37,17.08,112.00
40.04,17.00,83.00
38.48,15.73,89.00
39.68,20.96,80.00
46.51,14.19,85.00
38.77,14.16,85.00
49.93,12.36,84.00
39.69,12.57,115.00
39.89,14.06,78.00
38.15,10.48,85.00
40.27,13.55,79.00
51.15,8.89,82.00
39.13,8.73,91.00
53.01,7.35,80.00
39.39,7.21,118.00
41.98,9.39,80.00
40.60,5.43,83.00
40.20,6.76,78.00
62.65,4.18,81.00
39.35,3.62,123.00
45.89,3.28,78.00
39.45,2.09,98.00
42.47,2.15,78.00
60.80,0.00,89.00
48.75,1.16,105.98
65.35,1.68,77.95
42.39,2.34,106.85
44.63,4.64,73.82
57.14,3.55,75.71
40.50,4.44,82.55
40.99,4.96,69.48
39.76,5.51,71.30
40.79,6.46,68.15
40.11,7.07,67.95
38.85,7.66,67.73
39.83,8.23,68.47
40.80,9.55,68.21
56.21,9.71,70.83
39.34,11.43,88.87
46.87,11.38,70.17
40.04,12.58,97.54
42.55,18.97,68.48
38.51,14.19,77.53
40.42,19.81,67.66
63.19,14.80,70.02
38.82,16.76,104.77
44.88,18.15,67.20
37.20,17.26,82.22
38.47,26.42,62.54
45.37,17.35,66.51
36.29,20.83,62.37
52.16,21.27,61.81
35.62,20.02,77.84
37.25,31.83,60.62
40.32,20.68,66.00
35.51,24.92,61.06
52.43,22.49,62.06
34.71,24.38,86.22
35.24,24.35,59.80
34.34,24.27,73.62
33.90,35.21,58.30
37.97,26.48,59.89
34.32,28.52,59.84
43.50,28.02,58.99
33.33,28.98,72.45
33.67,30.70,57.97
33.14,31.29,57.78
33.42,41.84,58.27
36.50,33.66,58.69
32.67,33.42,56.27
39.90,34.82,56.61
32.62,35.81,70.26
32.36,38.53,57.08
32.08,38.67,55.92
31.76,48.14,55.38
34.96,40.68,54.18
31.07,41.69,54.77
39.45,43.16,55.84
31.25,45.58,66.53
31.11,45.65,53.68
30.93,48.10,58.28
31.00,61.29,53.52
30.43,50.64,53.56
30.40,60.10,51.50
34.20,53.18,50.91
28.81,54.70,49.76
33.85,56.22,49.94
28.16,58.77,58.74
28.36,60.30,49.45
27.30,62.35,56.13
27.12,66.00,47.67
26.43,66.48,47.20
26.11,82.46,45.15
25.11,70.07,45.83
25.21,79.72,43.30
25.17,75.28,43.26
23.81,78.44,42.10
27.03,81.05,40.52
22.27,83.66,39.34
24.14,86.26,37.74
20.39,88.86,41.62
19.20,89.77,33.68
17.51,90.09,33.01
15.84,96.59,27.44
14.09,88.94,24.72
12.53,100.54,21.71
11.46,88.24,18.89
9.29,88.42,15.99
9.80,86.85,13.33
6.12,88.12,11.93
4.59,86.49,7.96
3.02,86.56,5.65
1.52,92.33,2.64
-0.00,86.04,-0.00
-1.55,97.56,152.00
-0.00,91.11,157.00
1.59,92.27,155.00
3.20,91.64,155.00
4.77,90.98,155.00
6.40,91.47,156.00
7.99,91.35,166.00
9.71,91.78,157.00
11.25,92.18,162.00
12.93,103.61,157.00
14.25,90.57,159.00
16.02,97.25,156.00
18.51,91.16,159.00
19.43,93.72,159.00
23.80,89.92,159.00
22.61,92.96,170.00
24.95,89.71,158.00
25.76,90.97,178.00
28.53,93.31,162.00
29.42,90.56,168.00
31.58,101.70,159.00
31.36,85.61,156.00
31.81,86.70,147.00
34.13,78.48,146.00
32.84,78.45,140.00
36.82,72.49,138.00
32.79,71.92,146.00
34.79,66.04,124.00
32.56,64.42,130.00
33.94,68.51,119.00
33.34,60.15,120.00
34.09,61.59,110.00
33.91,54.41,109.00
33.33,53.83,105.00
37.14,50.77,103.00
33.53,50.19,108.00
35.74,47.67,101.00
33.86,46.60,98.00
33.96,46.94,95.00
33.65,43.54,95.00
33.29,46.59,87.00
31.74,38.27,85.00
32.78,38.59,82.00
36.58,35.82,83.00
33.67,36.11,89.00
32.66,33.40,77.00
32.42,32.42,84.00
33.40,31.85,77.00
33.96,31.27,81.00
33.63,35.00,77.00
33.71,29.69,79.00
34.22,30.98,80.00
43.40,29.59,80.00
35.66,28.23,88.00
35.68,25.82,72.00
34.71,25.57,75.00
36.11,27.98,73.00
34.60,23.01,74.00
35.00,24.33,71.00
38.88,22.11,73.00
35.27,21.49,69.00
37.67,19.98,69.00
34.96,19.95,72.00
42.04,19.32,72.00
37.71,19.48,92.00
40.68,18.04,70.00
37.29,17.89,81.00
40.27,22.95,71.00
38.42,16.54,77.00
39.78,21.36,71.00
47.74,15.17,75.00
39.22,15.48,70.00
56.13,13.20,71.00
38.57,13.44,92.00
45.53,11.69,69.00
37.86,11.50,99.00
42.01,12.32,69.00
38.78,10.24,80.00
41.24,14.15,68.00
38.52,8.31,76.00
39.81,10.77,65.00
57.89,6.84,71.00
40.64,7.26,74.00
62.28,5.32,70.00
39.67,5.30,102.00
49.69,4.24,69.00
38.06,3.64,97.00
43.98,3.94,66.00
38.15,2.12,83.00
42.88,2.30,67.00
57.08,0.00,79.00
47.89,1.34,70.99
74.09,1.49,69.96
43.24,2.54,111.85
53.67,3.34,65.84
41.17,3.83,77.70
43.72,6.31,61.66
39.72,4.96,64.52
40.93,5.93,59.42
40.82,6.36,60.25
39.41,6.95,62.04
45.08,8.01,61.84
42.35,9.28,72.38
46.66,9.89,66.26
42.65,11.11,79.56
46.26,17.15,65.68
40.99,12.66,75.94
45.80,18.61,61.20
59.28,13.18,65.62
40.94,16.23,67.13
64.12,14.36,62.96
39.81,16.46,101.76
50.49,20.15,63.05
39.25,17.43,78.24
43.15,29.62,59.38
49.95,18.30,66.16
40.10,23.30,58.42
65.47,19.96,63.26
38.81,22.79,98.01
48.20,24.49,58.60
36.93,22.63,71.01
39.93,37.51,55.72
43.40,22.95,61.06
37.41,29.66,54.51
57.11,23.85,58.03
36.01,27.09,77.00
41.40,25.07,55.82
34.06,26.45,63.09
36.71,37.16,52.01
33.14,27.66,54.40
34.17,30.78,49.79
45.55,27.98,52.83
32.67,32.05,57.22
38.38,29.98,51.93
32.56,32.36,65.46
34.33,38.04,48.08
32.81,34.92,54.88
32.66,40.30,48.42
44.34,38.52,54.20
34.86,41.10,66.92
35.85,42.72,51.42
32.62,40.79,53.49
33.52,50.66,49.25
44.62,43.49,51.15
32.01,47.77,64.07
33.87,52.13,49.90
31.92,48.41,52.56
32.87,52.27,46.84
38.94,49.52,48.75
31.09,55.11,64.89
34.44,61.93,48.50
30.53,56.81,51.39
31.42,62.56,47.42
36.63,56.70,44.95
28.18,59.56,50.85
28.84,58.86,42.68
27.48,63.53,48.40
27.69,73.68,41.42
25.56,65.09,41.96
26.10,79.62,39.42
28.05,70.90,40.36
25.20,82.50,39.72
31.42,78.62,39.55
24.74,84.07,44.15
25.68,83.25,37.21
22.92,86.18,37.79
22.38,99.94,33.39
20.96,92.05,33.29
20.32,102.68,30.98
20.40,98.53,29.96
17.54,101.44,28.48
16.22,97.85,23.62
13.70,98.10,22.69
11.99,98.98,17.91
10.01,95.91,15.68
8.46,105.22,12.64
6.59,94.24,10.25
4.94,96.96,7.48
3.73,93.76,5.03
1.65,95.77,2.55
-0.00,93.16,-0.00
-1.66,97.01,159.00
-0.00,90.33,135.00
1.58,90.32,137.00
3.15,90.28,135.00
4.73,90.21,137.00
6.35,94.79,138.00
8.46,91.99,140.00
9.79,94.50,138.00
13.05,92.32,141.00
13.04,94.75,153.00
15.60,93.85,144.00
16.62,95.55,156.00
18.77,96.56,144.00
20.17,96.21,150.00
22.43,106.27,147.00
23.80,96.09,150.00
25.98,99.53,149.00
30.62,97.77,155.00
29.74,99.18,150.00
34.12,93.55,147.00
31.37,91.74,147.00
32.27,85.51,138.00
32.37,83.08,142.00
33.59,80.03,127.00
32.42,77.61,135.00
34.02,75.19,118.00
33.37,71.56,122.00
33.73,75.78,112.00
33.11,64.99,111.00
33.93,67.35,106.00
34.71,62.03,105.00
34.46,60.85,101.00
37.56,56.78,99.00
35.10,56.18,97.00
37.54,53.31,95.00
34.80,51.59,100.00
35.69,49.33,90.00
35.00,48.72,91.00
35.44,53.44,87.00
35.43,45.87,87.00
34.95,45.24,84.00
40.86,42.54,80.00
36.00,40.40,81.00
36.71,40.28,79.00
36.05,37.68,93.00
37.19,38.03,77.00
35.49,36.43,80.00
36.58,39.04,74.00
36.70,32.86,75.00
35.31,34.92,73.00
42.92,32.05,73.00
36.91,32.26,71.00
46.28,29.48,71.00
36.91,28.84,76.00
41.15,27.79,70.00
37.89,26.35,78.00
42.21,27.63,72.00
39.94,27.69,79.00
43.21,28.79,71.00
40.86,25.88,74.00
40.72,23.78,70.00
41.72,22.75,71.00
38.63,22.71,66.00
47.86,20.10,67.00
39.35,21.26,65.00
52.32,18.48,67.00
40.02,19.23,81.00
47.07,17.42,65.00
38.80,17.52,90.00
42.19,15.79,65.00
38.73,15.35,78.00
40.87,19.91,61.00
37.96,13.51,69.00
39.46,18.20,61.00
42.87,11.74,64.00
39.88,13.28,59.00
56.88,10.39,61.00
38.96,10.68,65.00
55.42,8.73,59.00
38.62,8.76,90.00
45.32,7.28,58.00
38.88,7.20,87.00
44.28,7.85,59.00
38.43,5.77,80.00
43.17,7.83,57.00
39.26,4.13,67.00
41.33,5.42,57.00
58.07,2.71,64.00
40.09,2.73,62.00
66.20,1.35,61.00
43.15,0.00,97.00
79.71,0.83,59.99
40.93,1.58,105.94
47.47,3.67,56.92
44.50,2.91,64.84
40.80,4.59,54.79
60.37,4.28,56.69
40.65,5.26,61.54
41.28,5.50,53.47
39.01,6.18,53.34
38.89,6.73,52.19
38.05,7.40,53.01
40.06,9.73,53.80
39.19,8.88,56.51
40.45,13.45,53.37
45.21,10.22,57.96
40.78,14.31,53.83
65.74,11.76,57.38
39.65,14.46,70.38
58.09,13.57,54.84
37.80,15.26,87.39
46.43,18.35,52.28
36.62,15.89,67.68
41.07,27.15,50.63
42.76,16.96,57.55
38.44,23.18,50.75
61.13,17.63,53.03
36.49,20.92,69.50
52.31,18.54,52.09
37.10,21.27,78.72
41.80,29.99,50.23
35.73,22.98,62.57
37.83,33.33,47.49
53.36,22.31,50.32
35.17,26.99,53.06
49.72,23.91,48.33
33.13,26.65,74.43
38.55,27.73,47.92
34.00,27.47,51.22
34.10,38.20,45.85
33.05,28.68,49.03
33.67,31.19,44.53
41.31,29.85,46.07
33.16,32.42,44.61
42.61,30.99,45.32
32.06,33.10,59.40
34.04,32.62,43.76
31.42,34.77,45.69
31.81,45.65,42.82
31.19,36.98,43.96
31.50,42.58,42.42
38.66,37.51,44.05
31.97,42.07,41.86
36.53,40.89,43.33
30.95,43.19,54.08
31.04,43.13,41.87
31.08,47.90,44.74
30.27,58.27,43.03
30.23,50.86,42.39
30.89,53.91,42.75
36.20,53.20,42.50
30.49,55.65,46.54
30.90,56.83,41.78
29.88,59.30,44.95
30.46,67.71,40.33
29.05,62.97,41.42
28.85,68.15,40.27
32.58,67.99,40.25
27.94,73.23,39.33
30.66,71.69,38.70
27.01,76.28,41.38
28.10,76.07,36.46
26.44,82.08,43.26
26.51,85.33,35.38
24.80,87.88,35.83
24.61,101.02,32.61
22.65,91.54,32.66
22.21,102.62,30.59
22.35,103.01,30.36
20.51,109.12,28.05
21.08,109.48,26.92
17.96,117.02,25.34
16.69,114.43,22.13
13.99,116.14,21.33
12.00,112.01,16.20
9.82,112.93,13.77
8.01,126.22,10.67
5.78,111.01,8.06
3.91,114.75,5.30
2.17,110.42,2.69
-0.00,113.36,-0.00
-2.01,112.20,153.00
-0.00,119.65,168.00
2.00,112.20,151.00
3.84,109.18,148.00
5.68,108.35,146.00
7.57,108.98,150.00
9.52,110.31,146.00
11.81,108.64,149.00
13.31,110.64,147.00
16.44,108.92,148.00
17.21,110.10,162.00
19.74,108.31,149.00
20.99,109.42,155.00
23.49,116.30,149.00
25.08,109.34,154.00
27.33,116.09,150.00
29.43,109.83,155.00
31.14,110.73,149.00
34.98,104.47,147.00
33.07,102.48,140.00
37.26,94.86,134.00
33.30,91.48,136.00
33.56,84.64,121.00
33.68,81.99,131.00
34.84,79.35,116.00
33.85,76.72,110.00
33.92,74.09,109.00
34.21,70.80,108.00
35.76,74.16,102.00
34.89,65.62,100.00
35.67,65.00,97.00
37.53,61.14,95.00
35.98,60.51,92.00
41.74,57.35,90.00
36.83,54.85,97.00
37.40,54.22,86.00
37.08,51.74,88.00
36.26,52.31,83.00
37.12,48.67,82.00
37.06,52.70,80.00
42.09,45.05,78.00
37.74,44.97,77.00
37.54,42.63,77.00
37.29,40.32,83.00
38.52,40.22,73.00
37.68,39.02,73.00
37.31,41.51,72.00
37.95,36.65,73.00
38.59,38.01,70.00
39.76,33.81,70.00
38.70,34.13,67.00
45.54,32.00,66.00
38.69,31.33,68.00
40.41,29.74,67.00
38.58,29.96,76.00
39.68,28.39,67.00
39.57,27.28,68.00
40.05,28.67,63.00
39.26,25.09,63.00
39.70,27.96,62.00
39.49,23.73,64.00
40.55,24.90,60.00
44.85,22.34,64.00
41.34,23.03,62.00
59.59,20.92,65.00
40.74,21.18,70.00
51.19,18.84,63.00
42.09,19.65,93.00
47.88,18.58,64.00
42.72,18.10,72.00
45.79,25.57,63.00
43.30,16.27,69.00
45.67,19.36,61.00
65.73,13.78,63.00
44.06,14.77,69.00
62.86,12.29,61.00
43.07,12.12,91.00
49.03,16.72,63.00
42.00,9.86,66.00
45.80,14.37,56.00
57.63,8.22,63.00
44.64,9.29,59.00
74.87,6.74,60.00
42.68,6.72,89.00
58.27,5.07,57.00
41.39,4.66,94.00
48.12,5.89,57.00
43.74,3.11,76.00
46.01,3.85,56.00
79.47,1.56,68.00
49.52,0.00,92.00
99.81,0.85,62.99
43.10,1.76,109.93
51.04,4.18,52.93
48.60,2.90,59.85
41.37,4.25,49.81
59.57,4.09,51.72
40.43,5.06,71.46
43.50,5.56,50.50
39.44,6.25,48.40
38.54,6.80,47.27
38.41,7.47,47.12
39.06,9.46,46.95
47.47,8.62,48.72
38.75,11.01,46.57
64.03,10.34,49.26
39.15,12.33,86.51
48.12,12.14,47.82
35.70,12.59,63.72
39.27,22.88,42.55
42.03,12.84,52.62
35.79,20.89,40.14
63.68,14.06,46.36
34.55,16.85,69.96
45.96,14.29,41.11
31.85,16.20,65.25
36.61,28.71,40.45
30.60,17.40,48.11
34.55,28.50,39.73
54.48,17.42,43.73
33.20,21.96,48.50
52.03,18.10,41.14
30.48,21.16,68.69
36.17,26.10,36.90
29.13,21.44,44.77
32.71,34.36,38.50
35.54,22.06,40.45
28.70,24.51,35.94
43.42,23.11,37.82
31.03,26.64,45.85
34.26,26.18,39.83
31.34,27.25,55.09
32.64,27.79,39.39
30.96,29.96,43.88
32.17,44.38,38.84
30.49,31.06,40.31
31.07,37.34,38.90
40.31,33.88,40.24
32.06,37.39,39.48
41.92,35.56,39.36
31.83,39.15,53.35
35.68,39.72,42.16
31.47,43.42,44.33
34.12,55.49,39.72
31.92,43.94,42.91
33.44,48.41,39.58
41.98,46.35,41.38
31.75,51.57,44.66
34.28,50.80,40.80
32.08,54.08,50.47
32.74,66.40,39.50
30.20,58.67,41.69
31.87,59.94,38.03
35.17,59.77,36.77
30.11,62.45,41.65
30.38,63.70,36.35
29.24,64.93,41.49
29.96,77.19,36.34
28.72,73.31,37.84
28.91,86.49,34.76
30.59,75.80,35.23
27.04,81.55,33.86
32.33,79.75,33.37
24.98,84.01,35.08
25.76,85.98,30.87
23.77,91.03,35.46
23.57,92.21,29.27
22.10,97.27,29.24
21.59,110.15,26.82
20.42,106.62,26.52
19.69,123.48,24.66
18.62,119.11,24.09
17.34,128.91,21.71
16.94,121.28,18.77
12.69,122.32,15.89
10.86,119.34,13.25
8.36,121.10,11.51
6.31,118.04,7.80
4.13,118.92,5.20
2.08,128.56,2.58
-0.00,117.40,-0.00
-2.09,123.76,149.00
-0.00,123.78,154.00
2.15,124.57,153.00
4.38,124.51,151.00
6.31,121.99,151.00
8.63,121.06,152.00
10.72,122.50,154.00
13.02,128.73,151.00
14.89,122.86,155.00
17.23,136.19,151.00
19.36,122.26,154.00
21.49,123.49,153.00
27.32,121.51,154.00
25.90,122.66,162.00
28.75,121.40,153.00
30.34,123.24,169.00
33.08,120.34,154.00
33.23,115.87,153.00
34.06,116.82,139.00
34.50,106.18,138.00
35.29,115.51,130.00
34.86,95.03,125.00
35.37,93.66,117.00
40.61,90.01,122.00
36.67,88.62,115.00
40.14,81.30,109.00
36.58,78.45,123.00
36.17,72.71,99.00
36.36,72.08,101.00
36.46,72.15,92.00
35.69,65.10,92.00
36.00,62.36,88.00
36.67,58.94,86.00
36.01,59.00,89.00
37.45,55.64,84.00
36.19,55.67,98.00
36.66,57.66,76.00
36.62,49.74,76.00
36.52,53.63,75.00
46.82,47.18,74.00
37.68,47.78,75.00
37.96,44.62,72.00
38.21,43.96,86.00
37.35,42.09,68.00
36.42,39.05,67.00
37.65,43.06,64.00
36.61,36.04,65.00
36.08,35.41,61.00
39.05,32.55,59.00
36.07,34.10,59.00
42.13,31.32,61.00
37.18,32.24,60.00
38.35,29.02,59.00
38.25,30.38,67.00
39.41,28.73,59.00
38.62,28.06,60.00
39.76,30.16,58.00
39.57,26.69,61.00
40.71,29.52,60.00
39.79,25.72,60.00
41.61,25.00,60.00
42.04,23.46,58.00
41.75,22.75,68.00
43.57,21.65,60.00
41.09,21.30,62.00
42.90,30.15,58.00
40.33,19.49,59.00
44.34,23.36,57.00
65.53,18.02,58.00
42.01,18.49,65.00
61.18,16.24,58.00
41.81,16.60,94.00
45.90,18.96,57.00
43.86,14.50,67.00
47.97,21.76,56.00
55.22,12.04,56.00
42.98,12.35,60.00
63.58,9.98,54.00
40.20,10.37,92.00
47.48,11.61,53.00
39.71,8.49,62.00
44.62,12.64,50.00
62.33,6.45,55.00
42.46,7.09,68.00
73.87,4.83,53.00
41.03,4.74,92.00
47.55,6.13,49.00
39.55,2.82,58.00
42.82,3.47,47.00
76.00,1.38,55.00
43.72,0.00,89.00
84.85,0.93,51.99
41.12,1.59,86.95
46.22,4.22,44.94
76.96,2.81,52.87
40.99,3.88,83.68
40.07,4.93,42.76
36.58,4.39,47.64
38.20,6.20,42.58
35.56,5.63,39.51
32.92,6.40,42.35
35.34,6.87,41.23
36.05,8.02,49.89
40.09,8.29,42.87
35.76,9.33,59.19
41.40,17.08,43.47
37.08,11.34,49.02
39.35,16.79,42.08
72.55,11.39,45.65
38.09,14.79,72.80
49.94,14.37,44.17
35.21,15.05,62.55
40.53,29.86,39.87
56.81,15.07,46.95
37.59,19.52,55.73
59.82,16.30,42.60
36.21,17.66,69.21
37.42,34.24,40.10
40.87,18.91,44.15
36.74,27.43,39.36
65.32,20.14,41.57
34.53,22.52,78.00
38.53,30.89,39.86
30.91,22.41,45.29
34.82,38.83,37.31
54.77,23.60,41.78
33.98,26.20,46.92
41.07,24.25,38.33
31.75,26.39,41.76
33.97,35.06,37.30
39.40,28.10,39.83
33.64,30.93,38.49
52.87,29.25,39.39
32.60,30.98,54.12
33.30,29.77,35.25
30.31,30.91,43.13
32.15,45.63,35.43
30.40,33.23,38.19
31.55,45.23,35.46
38.24,35.58,36.74
30.85,38.08,35.35
45.85,37.30,36.50
30.61,41.20,45.56
33.01,41.07,37.31
29.73,44.38,45.85
31.96,47.75,35.56
30.20,45.48,39.14
30.35,66.14,35.95
33.61,47.25,36.03
30.02,52.90,35.02
40.29,50.48,35.00
29.09,55.48,46.06
31.39,56.01,35.68
29.96,60.34,36.77
31.94,80.89,35.07
37.31,67.59,36.77
29.29,68.91,40.27
30.48,69.43,34.78
28.90,73.12,35.59
28.88,92.03,33.33
27.56,78.13,33.52
28.19,81.86,31.58
34.70,82.34,31.83
26.06,87.71,35.67
26.23,86.52,30.04
24.40,93.56,30.54
24.47,113.11,28.30
22.75,101.06,27.89
22.28,113.19,26.40
22.24,107.70,25.00
19.65,114.80,23.27
21.59,119.37,22.53
17.66,128.17,21.43
16.40,130.17,18.65
13.62,130.43,17.46
11.65,128.94,13.16
8.97,129.97,10.88
6.82,136.96,7.75
4.43,127.64,5.30
2.26,131.13,2.58
-0.00,126.86,-0.00
-2.22,130.75,149.00
-0.00,126.44,148.00
2.19,125.55,145.00
4.35,125.50,145.00
6.48,125.40,149.00
8.88,133.04,145.00
10.94,125.96,148.00
13.40,134.36,146.00
15.62,125.50,150.00
17.72,128.64,146.00
22.08,124.88,148.00
22.26,128.78,156.00
25.28,125.82,149.00
26.83,126.22,156.00
29.81,134.17,150.00
31.43,126.05,153.00
33.40,136.35,145.00
32.46,112.38,135.00
32.92,110.15,129.00
35.06,102.13,121.00
34.12,100.72,119.00
39.39,95.21,117.00
35.07,92.17,113.00
36.98,87.52,109.00
35.87,84.50,117.00
35.93,79.91,102.00
36.97,79.27,111.00
37.20,79.39,97.00
37.35,73.31,94.00
36.59,75.70,90.00
37.37,66.65,88.00
36.81,63.00,87.00
40.14,60.13,84.00
38.55,60.96,85.00
39.15,58.83,81.00
38.74,54.57,80.00
39.24,63.14,77.00
36.65,51.85,76.00
38.57,52.56,73.00
44.79,47.77,72.00
38.70,49.13,71.00
42.86,46.44,68.00
38.64,44.44,78.00
41.14,43.76,68.00
39.57,42.44,68.00
39.10,40.49,65.00
38.58,39.19,64.00
39.25,45.72,61.00
38.64,35.44,62.00
39.90,35.35,60.00
38.56,34.09,60.00
39.80,32.84,60.00
45.09,32.16,61.00
40.95,32.52,69.00
44.96,31.79,62.00
40.64,30.03,67.00
41.15,29.31,55.00
39.49,27.60,58.00
41.40,32.07,53.00
41.86,25.24,57.00
38.60,26.76,54.00
51.00,22.52,55.00
40.14,23.93,54.00
44.35,21.55,52.00
40.90,20.84,69.00
43.59,19.36,52.00
40.81,19.76,59.00
42.72,25.71,50.00
39.86,17.60,54.00
42.56,23.03,50.00
55.79,15.52,53.00
40.69,16.59,57.00
59.78,14.10,53.00
42.01,14.72,78.00
44.72,15.95,50.00
39.96,12.41,57.00
42.66,17.71,49.00
53.78,10.06,55.00
42.19,11.30,50.00
68.62,8.64,49.00
38.26,8.26,70.00
46.05,12.63,45.00
41.91,6.50,55.00
43.74,9.28,44.00
75.64,4.96,50.00
41.34,4.71,77.00
54.35,3.92,47.00
38.01,2.96,72.00
44.97,3.94,47.00
49.33,1.42,57.00
44.41,0.00,54.00
84.27,0.71,51.99
42.57,1.74,89.95
52.49,3.46,42.94
36.16,2.72,54.87
39.73,4.42,38.85
64.00,3.98,42.76
37.78,4.64,53.60
42.18,5.05,41.59
34.91,5.67,39.51
37.49,6.14,41.36
35.59,6.74,41.23
34.57,9.04,39.13
47.69,8.56,42.87
36.93,10.52,40.75
62.16,9.38,40.57
36.59,11.99,76.90
45.07,14.04,38.25
32.75,11.76,48.50
38.56,22.72,37.82
56.21,14.88,46.04
36.38,17.86,54.15
60.50,14.60,39.87
35.04,17.00,69.96
41.40,29.49,38.37
40.25,16.09,45.32
36.66,23.84,35.95
60.56,16.46,39.20
33.61,21.70,72.40
44.39,24.17,41.11
32.97,21.30,51.10
38.07,39.68,36.86
49.19,21.61,42.40
35.72,25.67,43.61
54.10,22.81,38.96
32.67,24.95,60.62
37.39,32.50,35.60
34.74,26.18,42.33
35.71,35.71,39.40
40.85,29.09,38.86
33.33,30.88,37.54
47.88,29.13,36.98
35.02,32.14,51.28
37.12,30.91,38.03
33.25,32.11,42.44
33.97,41.66,36.77
31.48,34.55,38.21
32.14,45.74,35.46
36.99,37.04,36.13
32.70,39.67,36.08
42.53,38.18,36.00
32.51,40.85,45.31
34.04,40.71,36.32
32.18,42.70,41.53
33.56,51.33,35.27
31.19,45.29,36.71
31.42,59.36,35.79
41.46,48.65,35.40
32.18,51.50,36.56
35.48,51.27,35.02
31.27,54.16,44.50
32.08,62.62,34.91
31.06,59.22,35.68
30.86,74.29,34.50
33.77,62.72,34.19
29.49,64.89,32.96
34.65,66.24,32.13
29.75,65.91,39.07
28.86,78.99,32.97
28.58,76.15,32.61
26.97,84.31,31.47
32.16,80.55,30.28
26.33,85.33,30.90
28.09,87.54,29.53
25.98,91.48,32.25
26.04,93.67,27.95
24.12,100.25,28.06
23.85,115.68,26.32
22.61,108.15,26.40
22.48,127.22,24.81
21.72,118.71,23.62
19.57,128.01,21.90
20.69,131.03,20.88
17.01,139.43,19.13
15.06,139.71,16.31
12.09,139.04,14.38
9.80,135.62,10.60
7.11,136.66,8.06
4.84,151.26,5.20
2.36,135.02,2.64
-0.00,138.67,-0.00
-2.60,136.10,153.00
-0.00,140.69,151.00
2.44,137.01,151.00
4.85,137.86,151.00
7.12,136.84,150.00
9.56,137.61,153.00
12.10,143.79,149.00
14.23,137.19,151.00
16.81,144.17,149.00
19.96,134.79,152.00
21.58,138.05,150.00
26.65,135.85,152.00
26.50,139.00,161.00
29.63,134.93,152.00
31.24,137.97,163.00
34.04,133.85,149.00
34.28,127.95,146.00
35.00,134.36,137.00
35.52,115.32,134.00
36.42,125.98,125.00
38.37,104.52,123.00
36.87,101.30,113.00
42.23,93.82,113.00
36.96,93.17,114.00
39.98,88.30,105.00
38.27,84.29,116.00
38.22,86.94,94.00
37.64,77.18,96.00
37.74,76.51,84.00
40.74,67.76,87.00
36.76,63.92,91.00
38.37,61.71,77.00
35.76,61.08,82.00
36.79,69.73,72.00
35.33,55.16,74.00
37.29,57.56,69.00
45.59,50.14,70.00
37.59,53.21,80.00
41.23,48.15,67.00
36.56,46.79,71.00
38.52,44.73,64.00
36.41,44.09,67.00
38.96,43.44,62.00
37.29,42.77,67.00
38.01,53.45,61.00
37.44,39.43,63.00
38.76,40.05,58.00
46.66,36.17,59.00
38.08,36.76,57.00
42.77,33.62,57.00
37.92,35.36,71.00
39.19,31.12,55.00
37.63,31.62,57.00
37.43,28.12,50.00
37.94,29.14,56.00
39.91,34.37,50.00
38.16,26.20,48.00
38.63,27.59,49.00
45.20,24.38,51.00
38.74,25.17,48.00
38.37,23.06,47.00
37.98,22.84,59.00
41.55,21.70,50.00
40.33,21.02,53.00
42.33,27.79,48.00
41.05,19.22,53.00
41.40,20.85,49.00
62.59,17.84,49.00
41.21,18.92,71.00
47.43,16.08,50.00
40.94,16.37,67.00
46.36,24.06,48.00
38.87,14.57,52.00
42.57,18.07,45.00
67.27,12.02,48.00
42.15,13.85,66.00
54.71,11.59,48.00
39.89,11.05,71.00
45.40,16.44,42.00
42.89,8.93,54.00
44.84,11.85,43.00
75.57,6.82,48.00
39.70,7.72,77.00
58.80,6.36,48.00
39.90,5.46,71.00
46.34,8.59,47.00
55.51,3.74,54.00
44.65,3.57,53.00
77.54,2.10,49.00
43.82,1.69,91.00
56.73,0.00,47.00
42.54,0.84,84.99
48.19,2.94,48.97
85.92,2.23,49.93
42.44,3.23,86.79
47.10,5.03,43.83
37.61,4.15,47.74
37.54,5.53,41.69
50.56,5.13,41.59
37.36,5.92,38.52
37.25,6.57,38.41
37.13,7.22,39.27
36.99,10.42,37.17
36.85,8.08,42.87
36.70,10.98,35.90
70.32,9.79,42.50
38.17,12.25,74.02
47.92,14.10,40.16
34.17,12.86,54.21
42.91,24.63,39.71
68.41,13.58,44.17
38.84,16.94,69.08
49.97,17.71,38.94
34.81,16.62,56.15
40.60,29.23,36.54
63.41,16.78,38.97
35.69,20.72,62.02
46.34,16.31,38.31
32.56,19.09,52.98
38.87,38.05,34.98
46.67,18.91,42.44
36.47,25.81,44.57
58.53,20.04,36.47
33.31,25.23,62.90
38.41,42.83,35.65
34.85,24.40,40.14
34.42,30.01,34.79
54.37,23.90,37.54
35.76,29.11,57.52
37.48,30.94,37.30
32.59,31.00,40.60
36.39,45.28,35.47
40.75,30.37,37.90
35.27,34.82,34.37
44.21,32.18,36.69
32.09,35.43,51.62
37.44,34.69,36.12
33.53,37.34,38.87
35.43,52.70,34.79
32.26,38.53,37.40
33.43,43.46,34.71
45.22,40.41,35.87
32.02,44.70,36.32
38.69,42.29,34.30
31.68,45.90,49.37
34.17,44.15,34.41
31.72,49.38,37.47
33.47,64.23,33.77
30.56,51.32,36.03
32.14,66.46,32.96
37.82,54.86,34.00
31.17,57.89,32.00
36.84,56.77,31.92
29.62,61.50,42.22
31.50,65.44,31.56
29.17,64.27,32.54
29.61,77.74,31.73
35.47,67.02,31.26
28.69,75.39,34.84
29.48,71.50,30.46
27.16,76.41,31.47
28.32,95.66,28.98
27.17,84.53,29.67
27.37,90.42,28.07
30.75,90.89,28.12
25.21,96.81,31.32
25.16,97.25,26.13
23.40,104.11,26.09
23.59,116.53,24.74
21.83,116.02,24.04
21.67,137.81,23.44
19.82,127.94,21.74
19.34,140.45,20.46
18.90,143.59,18.77
15.42,148.57,16.20
13.93,144.11,13.33
10.03,146.20,11.79
7.72,142.58,7.96
4.98,143.63,5.41
2.52,152.21,2.64
-0.00,141.83,-0.00
-2.52,153.10,152.00
-0.00,143.61,152.00
2.57,147.39,155.00
4.98,142.57,149.00
7.37,143.41,156.00
10.08,139.46,149.00
12.27,141.17,153.00
15.01,140.93,148.00
17.15,141.60,152.00
19.99,158.22,149.00
22.17,139.96,152.00
24.94,143.30,149.00
30.49,140.04,152.00
29.86,142.33,151.00
33.59,139.93,151.00
34.74,141.19,166.00
35.69,128.61,140.00
35.13,124.33,148.00
36.43,117.33,126.00
36.15,111.25,126.00
36.23,109.71,115.00
36.76,96.52,108.00
35.11,95.00,104.00
39.19,90.83,101.00
37.16,89.30,99.00
43.71,83.41,94.00
37.78,82.75,110.00
39.19,77.79,91.00
38.43,72.03,88.00
37.51,78.10,84.00
38.27,68.21,84.00
37.09,65.89,78.00
41.64,63.59,76.00
36.79,62.10,85.00
40.92,60.62,75.00
39.89,56.77,77.00
40.37,64.66,71.00
40.25,54.63,73.00
38.92,55.45,67.00
44.50,50.96,69.00
39.50,51.74,66.00
46.46,45.90,64.00
37.44,45.22,68.00
41.36,44.53,62.00
38.92,41.73,66.00
40.96,41.05,60.00
39.68,39.00,61.00
40.36,44.92,58.00
40.34,36.32,59.00
40.29,43.27,58.00
41.63,35.57,58.00
40.07,34.85,56.00
45.82,33.52,54.00
40.47,33.38,53.00
43.29,30.91,55.00
42.32,29.63,65.00
42.85,28.91,52.00
40.21,27.12,54.00
39.88,27.97,52.00
41.94,26.21,51.00
40.76,26.94,50.00
48.59,24.25,49.00
41.59,23.05,50.00
47.86,21.88,50.00
41.52,22.02,67.00
42.74,20.85,48.00
41.37,19.69,53.00
44.31,27.46,49.00
42.02,17.47,50.00
43.21,18.88,48.00
68.37,16.02,48.00
40.22,16.59,71.00
47.66,14.86,43.00
42.51,14.40,55.00
44.57,21.13,47.00
50.28,11.27,49.00
40.42,12.80,44.00
69.21,10.12,48.00
39.85,10.27,76.00
47.44,11.47,40.00
42.01,7.98,52.00
44.96,13.54,44.00
62.00,6.40,48.00
41.44,7.41,60.00
70.80,4.87,44.00
37.83,4.67,77.00
46.42,6.30,37.00
45.54,2.85,51.00
44.64,3.24,43.00
76.99,1.26,47.00
40.92,0.00,85.00
79.89,1.12,42.99
37.98,1.53,65.96
41.84,3.82,38.95
77.76,2.65,41.90
37.86,3.57,73.72
41.67,5.50,38.79
36.75,4.63,38.71
38.60,5.15,36.64
36.57,5.64,38.52
37.42,6.43,38.41
35.39,6.88,36.32
37.17,7.50,46.95
36.08,8.55,38.00
35.93,8.96,56.28
40.47,15.64,37.67
35.59,10.21,43.26
39.14,19.37,36.34
72.28,11.74,39.94
32.24,15.86,69.97
47.61,17.66,35.71
38.21,15.36,48.55
37.94,29.20,36.16
65.47,14.85,39.58
33.82,18.63,63.95
39.74,17.71,34.44
34.15,16.66,48.53
36.46,31.85,39.20
61.08,17.84,38.85
36.64,22.20,55.98
51.47,20.46,36.37
35.08,22.08,57.43
37.18,41.31,33.92
48.21,20.17,39.42
35.54,27.24,41.45
53.48,23.47,35.22
33.90,25.77,59.06
36.57,37.53,35.94
34.55,26.99,37.04
33.32,33.73,34.97
51.50,29.44,39.07
35.30,32.60,43.77
36.93,30.64,37.16
35.63,33.23,49.00
36.45,41.96,35.25
33.76,34.45,38.18
33.84,44.86,34.73
41.86,37.06,34.10
34.55,39.10,33.46
46.03,38.24,34.12
33.19,39.56,47.57
34.95,40.13,33.98
32.99,42.23,35.09
33.42,57.58,33.10
31.50,44.93,34.68
31.86,54.27,32.69
40.32,47.66,32.99
32.37,52.30,32.68
42.86,50.41,33.38
31.62,53.45,45.32
32.64,54.01,32.50
30.23,54.54,33.45
30.65,75.71,31.45
29.64,60.77,31.33
30.33,65.68,31.56
36.65,66.23,32.54
30.12,67.65,36.61
30.08,70.86,30.87
29.57,74.08,30.72
28.28,89.15,30.46
28.33,79.66,28.05
27.60,83.84,29.30
33.12,86.18,28.12
27.06,88.52,33.04
26.59,90.85,27.56
25.72,94.12,27.69
24.99,118.18,25.64
23.67,104.43,25.19
22.89,111.51,23.91
25.10,114.78,23.09
20.81,120.91,21.53
22.10,123.18,20.34
18.58,135.08,21.02
17.81,144.10,18.40
15.48,149.23,17.67
13.25,147.54,13.33
10.33,148.72,10.81
7.90,165.42,7.96
5.13,148.01,5.30
2.57,149.06,2.64
-0.00,147.13,-0.00
-2.58,152.57,152.00
-0.00,146.72,153.00
2.56,147.68,155.00
5.05,145.66,148.00
7.58,144.57,148.00
10.30,145.39,149.00
12.79,147.14,151.00
15.44,154.67,149.00
18.36,145.63,152.00
20.56,150.14,150.00
25.86,145.88,152.00
25.65,148.35,161.00
29.30,144.99,152.00
30.91,146.39,165.00
34.11,147.73,155.00
35.97,144.26,155.00
36.96,149.28,141.00
36.40,125.99,137.00
37.75,128.15,127.00
37.48,115.35,125.00
37.90,115.61,118.00
43.16,105.70,113.00
38.21,100.45,106.00
39.21,94.32,105.00
38.98,92.74,115.00
39.78,85.78,96.00
38.44,83.33,96.00
39.88,86.16,91.00
39.97,76.70,88.00
38.11,75.14,85.00
44.10,70.15,79.00
38.64,69.46,88.00
37.78,63.72,77.00
39.39,61.38,78.00
38.89,68.91,71.00
39.93,57.58,73.00
39.27,57.69,70.00
43.70,53.81,69.00
38.85,53.90,67.00
43.36,50.10,64.00
38.78,49.41,75.00
40.24,46.46,62.00
39.15,45.77,62.00
38.62,47.25,60.00
39.36,42.92,60.00
38.05,45.74,58.00
39.42,39.42,59.00
38.70,40.77,56.00
42.92,36.69,55.00
39.98,36.00,55.00
41.34,34.01,52.00
40.46,32.69,60.00
41.05,32.01,53.00
39.31,31.31,52.00
38.28,35.32,50.00
40.36,29.90,49.00
38.46,28.61,50.00
42.17,26.80,48.00
40.20,26.64,49.00
44.79,24.36,48.00
37.73,24.18,52.00
38.12,22.99,47.00
38.50,23.24,48.00
40.59,28.47,48.00
41.83,19.09,48.00
41.32,22.73,48.00
62.94,19.43,45.00
38.42,19.49,63.00
46.82,16.82,44.00
38.09,16.49,63.00
45.66,28.04,42.00
56.07,13.38,48.00
40.69,15.92,48.00
56.75,13.00,44.00
39.29,13.44,70.00
46.07,17.52,39.00
37.79,11.90,50.00
40.81,15.85,38.00
72.43,8.58,44.00
38.27,9.56,65.00
52.81,7.28,42.00
37.57,7.47,66.00
45.41,13.01,38.00
50.37,5.45,49.00
38.83,7.75,49.00
75.88,3.48,40.00
38.00,3.75,79.00
46.84,5.25,38.00
38.10,2.05,49.00
41.06,2.39,38.00
87.34,0.00,43.00
42.67,0.97,87.99
60.51,2.84,39.98
39.65,2.03,48.93
38.62,3.81,36.91
64.27,2.85,36.86
32.57,3.84,51.72
36.45,6.29,31.76
33.42,4.70,33.67
32.35,5.28,33.58
32.26,5.69,33.48
36.05,6.63,33.38
33.98,7.22,33.26
32.88,7.81,48.72
37.56,12.49,31.05
31.64,8.99,38.64
36.26,18.06,31.72
68.34,9.29,35.38
32.09,12.88,67.53
45.05,16.16,34.98
31.71,13.24,46.98
37.06,25.97,30.81
74.54,12.27,36.16
33.80,17.06,69.96
42.62,20.99,34.71
29.69,16.78,42.60
35.68,29.15,26.96
68.98,15.32,34.75
34.18,20.50,66.22
39.06,24.54,32.36
29.23,19.85,40.70
34.03,34.25,30.00
64.81,19.46,36.47
33.30,25.41,57.87
41.14,26.64,32.33
30.90,23.91,40.96
35.33,41.42,29.93
53.11,23.30,34.34
33.63,29.33,46.49
39.34,26.86,32.64
32.69,28.07,39.07
35.21,41.67,33.96
34.67,29.89,37.16
34.12,35.88,32.91
53.55,29.65,35.97
30.88,35.79,45.96
35.85,34.27,32.65
32.49,35.57,36.15
33.21,51.63,34.13
32.56,36.71,34.77
32.54,42.58,33.42
45.60,40.11,33.35
31.78,43.02,38.79
35.24,42.80,31.90
31.50,44.97,39.97
32.45,52.03,32.12
31.64,47.73,34.67
32.43,63.26,32.13
32.08,50.50,32.85
31.18,57.00,31.93
41.19,54.15,32.00
30.32,58.16,35.88
32.62,57.84,31.45
29.74,61.91,39.50
31.76,71.37,30.25
29.78,62.97,32.12
29.47,72.54,30.10
35.68,70.35,30.48
28.26,76.38,33.71
29.88,76.91,29.03
28.18,79.28,30.44
28.76,94.79,28.00
27.60,83.07,28.74
26.41,91.12,27.19
31.19,94.46,27.01
25.69,99.71,29.51
25.93,101.12,25.40
24.11,104.45,25.87
23.53,123.30,23.29
22.16,114.97,23.28
21.20,132.94,21.53
20.50,125.48,20.65
18.51,137.60,19.35
19.84,142.85,17.79
15.56,150.04,15.68
13.49,146.34,12.99
10.25,148.52,12.00
7.74,145.70,7.69
5.09,145.82,5.23
2.58,159.78,2.55
-0.00,144.91,-0.00
-2.53,151.14,147.00
-0.00,145.20,147.00
2.50,143.19,144.00
4.96,143.12,143.00
7.55,145.00,157.00
10.48,142.86,146.00
12.57,145.64,153.00
15.49,153.31,147.00
17.70,145.11,151.00
20.48,158.56,147.00
23.34,144.39,150.00
25.73,149.85,148.00
31.50,145.46,151.00
31.02,148.84,156.00
34.45,143.42,151.00
35.61,143.78,161.00
35.78,126.80,131.00
34.81,122.37,128.00
36.06,119.83,124.00
37.49,115.39,125.00
37.56,118.48,111.00
36.74,99.06,109.00
37.78,103.06,103.00
41.35,91.29,101.00
35.75,86.97,94.00
38.43,82.68,87.00
37.83,81.12,98.00
38.80,74.19,85.00
37.47,70.00,81.00
37.35,68.49,80.00
41.95,66.11,79.00
37.29,69.76,78.00
39.44,61.38,73.00
36.89,63.26,71.00
40.62,59.22,69.00
37.82,56.89,72.00
38.79,63.54,67.00
38.58,52.30,69.00
39.50,50.83,64.00
39.80,50.16,65.00
38.80,51.78,62.00
46.67,46.47,62.00
39.15,48.04,60.00
38.60,43.61,58.00
39.34,42.91,57.00
40.07,40.78,57.00
39.38,37.97,60.00
37.92,35.92,53.00
37.82,37.30,54.00
39.17,41.92,53.00
39.03,33.28,51.00
38.85,34.52,50.00
37.87,31.29,50.00
39.97,31.23,50.00
48.45,28.73,50.00
41.03,28.06,58.00
42.36,27.95,50.00
39.58,27.25,52.00
40.04,26.00,47.00
39.64,23.72,47.00
40.07,25.61,45.00
48.23,21.88,48.00
40.88,25.07,44.00
51.81,22.41,45.00
38.99,21.22,66.00
44.69,22.67,42.00
38.76,20.17,53.00
43.61,27.91,44.00
56.76,16.71,49.00
43.34,19.37,52.00
57.56,15.33,47.00
41.12,16.67,63.00
46.08,21.05,42.00
41.62,13.21,48.00
42.80,18.32,39.00
73.61,10.69,44.00
40.35,12.36,68.00
52.11,9.62,42.00
37.79,9.84,61.00
45.72,16.34,37.00
48.81,7.97,50.00
44.07,10.19,35.00
79.56,5.91,44.00
39.39,6.78,78.00
55.28,6.18,39.00
36.60,4.37,62.00
46.56,7.19,38.00
55.56,2.71,45.00
39.73,3.02,51.00
81.50,1.21,42.00
39.99,0.00,88.00
64.98,1.34,38.99
47.96,1.40,56.97
41.94,3.30,49.93
67.82,2.30,39.90
33.87,3.49,56.78
36.79,6.38,31.82
32.75,3.53,36.72
29.70,5.15,33.67
31.60,5.16,33.58
32.49,5.73,32.50
31.41,6.30,32.39
32.27,7.07,52.82
37.99,7.42,31.18
33.96,8.47,41.72
37.67,17.86,32.84
40.37,9.09,38.45
35.38,14.32,32.51
69.42,9.89,36.14
33.09,14.32,68.08
46.98,16.07,34.77
29.87,13.62,49.48
37.08,27.72,30.60
58.90,13.67,38.66
33.80,19.52,52.07
51.65,13.94,33.53
29.66,17.53,53.93
35.63,32.68,29.40
45.02,17.37,37.97
32.36,25.21,38.48
55.42,16.50,33.77
31.71,20.60,56.57
37.31,38.68,32.23
41.09,20.69,36.06
32.33,29.07,39.79
51.60,21.79,32.77
28.31,23.51,53.40
35.13,38.51,31.15
31.52,24.01,34.67
33.41,32.09,34.97
52.08,27.64,34.47
32.45,30.83,46.04
39.38,30.11,32.70
35.10,30.69,38.76
34.52,43.06,34.53
33.23,33.94,36.06
34.03,40.28,31.26
42.28,35.83,32.74
32.78,39.38,36.13
38.70,36.98,33.46
32.13,39.06,45.64
35.24,44.29,33.35
32.63,41.76,36.94
33.09,57.49,31.90
33.50,44.49,33.50
32.12,49.96,32.12
40.81,47.25,32.99
32.67,51.99,37.04
34.97,50.03,32.33
31.93,53.99,42.23
33.99,58.01,32.00
31.02,55.09,33.94
30.98,75.04,32.39
31.32,63.25,32.69
31.56,67.40,32.00
40.14,67.06,30.43
31.31,71.25,37.83
31.64,71.79,30.48
30.71,72.31,31.84
30.81,91.48,30.46
32.14,83.62,30.44
30.27,87.92,29.95
32.13,90.34,29.36
28.94,93.70,33.04
28.66,98.99,28.39
27.17,101.41,28.21
26.37,108.66,26.61
25.64,113.01,26.54
24.74,126.16,25.16
25.56,123.67,24.42
22.92,132.93,22.92
23.93,138.26,22.21
20.46,148.52,21.29
19.01,149.85,18.52
15.78,151.14,17.46
13.42,148.41,13.07
10.46,150.61,10.74
7.90,163.75,7.85
5.20,149.89,5.27
2.58,153.95,2.57
-0.00,147.98,-0.00
-2.58,152.98,152.00
-0.00,151.00,153.00
2.69,153.98,153.00
5.37,155.90,155.00
8.16,157.78,165.00
11.09,178.56,157.00
13.77,158.39,163.00
16.83,171.06,160.00
21.94,153.84,158.00
21.85,159.43,174.00
25.81,156.05,159.00
27.44,158.55,170.00
31.10,165.89,159.00
32.85,156.50,167.00
37.12,178.31,158.00
38.95,151.37,159.00
38.82,153.58,145.00
44.65,130.73,137.00
38.59,126.23,148.00
38.94,118.88,127.00
39.07,115.35,120.00
41.38,127.80,112.00
38.70,99.89,112.00
39.71,103.84,103.00
46.50,91.13,101.00
39.86,89.53,117.00
40.99,98.79,91.00
37.70,79.99,92.00
38.59,80.19,82.00
49.76,70.64,83.00
38.30,70.84,93.00
40.50,75.34,74.00
37.60,61.72,74.00
37.62,60.21,71.00
45.75,57.87,71.00
38.03,58.03,65.00
41.30,53.24,66.00
38.21,52.59,63.00
39.12,48.72,60.00
36.94,46.49,65.00
38.39,55.18,57.00
36.64,43.66,60.00
37.40,42.26,55.00
36.13,39.39,52.00
36.83,40.96,54.00
43.76,36.69,54.00
37.48,36.77,52.00
36.69,36.12,54.00
37.30,34.78,51.00
40.13,42.82,52.00
37.74,32.80,54.00
39.83,31.50,51.00
52.07,32.72,53.00
40.98,29.55,59.00
39.93,29.49,48.00
38.83,28.80,52.00
40.14,25.81,47.00
40.62,28.52,51.00
42.77,27.23,51.00
54.28,25.44,49.00
42.00,23.18,47.00
48.50,24.50,48.00
42.86,23.27,56.00
45.91,34.74,47.00
56.13,21.79,48.00
42.24,24.11,56.00
52.57,19.02,45.00
40.20,19.12,58.00
45.10,30.87,44.00
53.78,16.48,47.00
42.01,19.35,57.00
60.14,13.34,45.00
40.66,14.65,56.00
46.60,23.49,39.00
58.33,11.69,48.00
38.45,13.23,77.00
52.16,13.20,39.00
36.87,10.16,54.00
42.87,15.97,37.00
76.30,8.32,44.00
38.28,9.73,73.00
59.09,8.51,39.00
36.54,7.35,66.00
47.53,11.69,38.00
67.49,4.75,48.00
41.77,5.96,59.00
75.71,3.31,40.00
34.91,3.00,76.00
49.93,4.19,34.00
50.97,1.29,53.00
36.86,0.00,53.00
91.64,0.59,42.99
36.84,1.67,91.94
47.75,4.28,29.96
52.67,2.08,39.90
32.75,3.73,47.82
46.56,3.02,31.82
29.66,4.13,46.65
32.55,7.21,27.73
27.55,4.36,27.66
28.45,4.84,27.57
27.38,5.70,28.47
31.18,7.66,37.17
42.71,6.27,31.18
30.93,8.44,58.22
37.53,13.15,31.88
28.73,9.34,46.14
35.25,17.48,31.56
71.06,9.85,33.29
31.08,13.95,71.86
50.55,17.72,32.89
29.76,13.21,49.48
35.10,27.62,29.67
70.61,11.68,34.98
30.94,17.83,71.26
48.75,21.89,33.53
29.55,14.85,44.94
32.84,28.49,29.40
70.37,14.03,32.67
30.50,20.77,66.47
43.14,27.89,29.44
28.18,17.96,42.00
35.48,35.37,28.83
67.67,17.90,31.87
28.08,23.40,63.01
38.35,37.71,28.67
28.21,22.25,36.41
33.42,31.18,31.15
54.95,23.92,33.88
30.19,28.21,52.07
37.39,40.98,30.64
29.32,28.10,36.98
33.31,36.66,32.70
52.46,29.89,32.91
32.25,33.22,50.35
35.22,41.56,31.82
32.52,35.11,34.73
32.61,48.09,32.74
43.99,36.28,34.13
33.33,42.10,36.08
44.18,38.92,33.42
32.60,41.81,34.61
31.89,52.60,31.40
41.97,40.58,32.50
31.03,45.94,34.68
36.57,43.25,31.55
31.20,48.73,43.06
33.64,56.81,30.50
30.09,48.15,33.38
30.78,64.04,29.87
34.87,51.76,31.50
30.43,60.99,30.06
37.41,53.65,30.05
29.85,61.25,40.41
31.88,72.53,30.25
28.63,62.30,31.70
29.58,73.72,28.88
36.98,66.02,30.48
28.36,72.05,35.59
28.92,90.21,28.31
27.60,78.63,29.41
28.22,87.60,30.28
29.55,86.22,28.43
27.38,91.46,30.41
28.28,110.12,27.01
26.04,100.07,27.69
25.79,111.16,26.13
29.36,110.66,26.09
24.65,119.85,28.07
23.38,119.30,24.04
22.49,130.48,24.83
22.13,146.61,22.06
20.24,146.00,21.57
18.21,161.17,18.16
15.72,146.63,15.68
12.85,152.83,12.81
11.26,145.09,10.32
7.66,148.23,8.43
5.21,144.36,5.10
2.52,145.42,2.71
-0.00,154.41,-0.00
-2.50,145.18,153.00
-0.00,160.12,146.00
2.50,144.18,146.00
5.07,145.11,146.00
8.74,145.99,148.00
10.20,149.81,161.00
13.52,145.64,150.00
15.39,147.37,153.00
18.79,154.98,148.00
20.35,146.74,155.00
23.49,166.99,148.00
26.08,146.91,155.00
28.65,155.22,150.00
34.74,145.92,154.00
34.01,152.14,162.00
38.74,144.75,148.00
36.55,138.33,144.00
38.38,134.80,128.00
36.35,118.88,129.00
37.19,126.74,117.00
40.15,107.20,115.00
37.42,107.47,107.00
43.84,97.49,108.00
37.63,95.90,122.00
39.64,102.53,97.00
38.02,85.40,100.00
38.67,89.23,91.00
45.34,77.77,85.00
38.38,75.32,88.00
41.09,75.52,79.00
49.18,67.85,81.00
37.79,66.32,94.00
40.47,63.08,74.00
38.47,59.04,74.00
39.00,65.06,68.00
40.04,55.24,70.00
37.65,57.84,76.00
42.09,49.08,63.00
36.51,48.45,60.00
41.02,47.81,61.00
36.93,45.60,62.00
36.44,55.61,56.00
35.89,42.78,53.00
36.60,39.17,53.00
46.80,38.55,54.00
35.23,39.35,55.00
41.49,35.16,51.00
36.49,36.62,49.00
35.64,33.23,49.00
35.48,33.27,48.00
36.03,39.15,48.00
35.81,30.68,47.00
37.10,33.17,44.00
35.27,26.94,45.00
34.95,26.33,44.00
36.21,25.72,45.00
36.66,25.67,42.00
35.45,23.91,43.00
35.87,23.83,47.00
33.74,28.46,43.00
36.66,22.03,47.00
38.76,23.87,43.00
46.10,21.21,47.00
38.64,20.54,56.00
46.08,30.25,44.00
44.69,19.18,49.00
43.26,23.54,49.00
55.42,17.39,47.00
40.28,19.43,64.00
47.95,26.45,42.00
47.35,15.33,49.00
42.05,17.69,48.00
62.06,13.92,44.00
39.73,13.52,61.00
47.55,20.94,43.00
40.15,10.69,48.00
38.43,14.93,42.00
72.37,9.38,43.00
37.79,9.62,77.00
48.64,13.44,37.00
36.12,7.59,53.00
42.11,11.74,38.00
83.49,5.76,40.00
38.41,6.23,80.00
53.30,6.18,35.00
36.60,4.05,58.00
42.60,6.76,34.00
61.51,2.43,42.00
37.74,2.86,54.00
83.49,1.28,38.00
