27.19,7.38,357.00
28.74,8.36,333.00
32.42,8.87,354.00
29.20,0.00,373.00
28.93,0.57,331.00
31.88,0.99,331.00
28.20,1.52,344.00
30.26,1.95,325.00
27.96,2.48,354.00
28.08,2.95,320.00
27.51,3.42,325.00
27.79,3.97,319.00
27.63,4.38,321.00
27.55,4.86,322.00
27.55,5.34,320.00
27.37,5.82,320.00
27.51,6.29,323.00
27.48,6.94,322.00
28.88,7.35,331.00
27.81,8.14,359.00
31.92,9.73,331.00
31.91,10.77,358.00
30.08,9.22,329.00
27.60,10.16,368.00
27.01,11.21,364.00
26.02,11.10,348.00
25.75,11.78,313.00
25.96,11.10,320.00
25.12,12.01,333.00
27.03,11.96,315.00
24.38,12.62,349.00
24.63,14.20,315.00
23.86,13.35,325.00
24.08,15.47,315.00
24.43,14.23,324.00
23.65,15.98,318.00
26.17,15.19,323.00
23.27,16.13,330.00
25.49,16.05,328.00
22.99,17.01,365.00
23.60,17.20,331.00
23.01,18.24,356.00
23.10,19.80,338.00
22.50,19.05,346.00
22.63,21.10,339.00
21.11,18.78,321.00
19.89,19.02,308.00
20.12,17.98,298.00
17.69,17.93,288.00
18.95,17.68,282.00
16.52,17.91,290.00
16.15,17.23,265.00
14.87,17.17,290.00
14.51,16.76,252.00
13.49,16.73,262.00
13.09,17.72,241.00
12.43,16.57,241.00
12.09,19.11,231.00
9.80,15.92,228.00
10.67,17.12,215.00
10.68,15.42,213.00
8.36,15.45,206.00
10.73,15.09,205.00
8.85,15.62,203.00
8.79,13.04,197.00
7.90,15.24,226.00
7.87,14.83,192.00
7.14,13.24,208.00
7.04,14.85,185.00
6.31,14.33,185.00
6.10,15.24,176.00
5.75,14.38,182.00
5.56,16.27,171.00
5.04,13.76,171.00
4.77,15.74,166.00
4.61,13.59,167.00
4.18,14.25,160.00
4.44,13.32,161.00
3.52,13.39,158.00
3.80,13.28,158.00
3.10,13.67,180.00
2.83,13.21,155.00
2.54,13.18,163.00
2.45,14.33,160.00
2.14,13.69,163.00
1.92,15.19,152.00
1.61,13.15,155.00
1.38,13.61,151.00
1.27,12.94,152.00
0.92,13.48,150.00
0.75,12.97,150.00
0.46,13.24,164.00
0.23,12.81,149.00
-0.00,13.07,158.00
-0.28,16.09,-2.57
-0.00,15.47,-0.00
0.27,15.47,2.55
0.53,15.25,5.10
0.80,15.24,7.64
1.07,15.22,10.18
1.34,15.31,12.99
1.65,15.28,15.37
1.87,15.35,19.86
2.17,15.32,20.60
2.42,15.38,23.78
2.70,16.99,25.70
2.95,15.29,28.81
3.26,15.75,30.98
3.88,15.28,34.42
3.82,15.52,36.53
4.33,15.25,39.60
4.38,15.47,46.31
4.77,15.29,45.03
4.97,15.31,48.52
5.34,16.60,50.79
5.58,15.42,55.07
5.99,16.30,56.98
6.62,15.51,60.31
6.58,15.78,62.91
7.53,15.66,67.11
7.33,15.82,73.54
7.74,15.69,73.65
8.02,15.83,84.90
8.54,15.87,81.22
8.77,16.00,88.24
9.30,16.57,88.00
9.58,16.13,94.25
10.30,18.08,96.98
10.59,16.39,104.03
11.22,16.98,107.37
11.87,16.35,112.99
12.04,17.00,116.38
14.53,17.03,126.38
13.84,17.63,134.21
14.47,17.63,136.56
14.24,17.30,144.63
15.36,17.28,144.33
15.46,17.40,151.89
16.18,18.04,155.50
16.85,17.67,165.33
17.96,19.37,173.24
18.50,18.01,179.83
19.42,18.18,185.76
20.59,18.67,201.39
21.38,18.58,206.04
23.54,18.75,214.49
22.91,18.75,221.49
24.30,18.66,230.89
25.38,19.44,249.17
27.23,19.91,263.74
27.83,19.49,274.42
28.25,18.82,266.12
28.05,18.10,272.57
28.37,17.39,266.29
28.04,16.85,269.15
28.33,17.14,268.47
28.62,15.66,272.88
28.61,15.61,273.71
31.57,14.85,280.67
29.88,14.75,289.41
30.13,13.56,276.42
28.93,13.05,296.90
29.73,13.60,277.99
32.27,11.90,286.50
29.37,11.46,297.81
32.02,10.58,280.03
29.85,10.28,289.33
30.12,10.37,284.37
32.59,9.08,287.85
29.74,8.53,290.30
30.90,8.52,288.81
32.96,7.51,292.06
30.55,7.05,322.52
31.49,7.11,302.25
31.09,6.02,308.23
31.50,6.12,299.38
34.69,4.86,296.31
31.98,4.57,336.69
31.33,4.25,306.70
32.12,3.23,298.36
32.49,2.89,332.73
31.91,2.23,293.28
30.48,1.60,312.57
31.65,1.24,299.82
60.49,0.00,305.00
56.66,1.14,287.00
63.50,1.94,298.00
56.02,3.06,301.00
62.05,3.81,293.00
54.93,4.89,326.00
56.55,5.78,289.00
54.54,6.70,307.00
54.61,7.89,287.00
53.90,8.51,286.00
53.55,9.44,286.00
53.57,10.38,286.00
53.75,11.98,286.00
53.36,12.40,290.00
55.36,14.26,297.00
59.16,14.91,302.00
60.89,16.46,316.00
54.38,17.35,352.00
55.35,18.51,291.00
58.45,19.38,312.00
53.07,19.64,305.00
57.54,23.04,303.00
50.24,22.59,318.00
50.23,22.96,284.00
55.26,21.96,283.00
49.63,23.14,292.00
49.39,24.51,294.00
52.53,24.52,283.00
47.85,25.80,319.00
49.06,26.64,287.00
47.09,27.48,309.00
47.92,29.78,287.00
46.28,29.22,296.00
46.73,33.67,290.00
45.87,31.26,299.00
46.11,35.35,294.00
47.55,33.20,300.00
45.41,34.91,299.00
49.62,36.06,310.00
45.97,37.71,314.00
47.50,38.51,316.00
45.51,39.68,332.00
44.95,39.32,308.00
41.73,38.65,307.00
39.80,37.51,282.00
37.24,37.24,282.00
35.66,37.47,265.00
33.96,36.56,265.00
32.81,38.57,254.00
30.92,35.57,249.00
29.80,37.27,238.00
28.46,35.00,238.00
27.49,36.09,228.00
27.33,34.13,225.00
25.01,35.20,219.00
26.92,33.92,219.00
23.05,34.64,213.00
23.69,32.97,209.00
20.63,33.50,215.00
20.24,32.06,196.00
18.60,32.72,217.00
18.59,32.38,194.00
17.02,32.18,198.00
16.72,32.13,187.00
15.39,31.56,190.00
14.84,33.89,180.00
13.97,31.38,188.00
13.42,35.13,177.00
12.51,30.96,178.00
11.97,32.96,172.00
11.55,30.66,173.00
10.68,32.11,170.00
11.26,30.67,173.00
9.48,31.75,168.00
10.26,31.00,171.00
8.35,31.52,174.00
7.85,29.99,164.00
6.95,30.49,178.00
6.51,29.68,159.00
5.72,29.78,162.00
5.27,30.44,155.00
4.63,29.21,160.00
4.14,32.69,154.00
3.56,29.17,156.00
3.05,30.17,153.00
2.73,28.70,153.00
2.01,29.50,151.00
1.68,28.77,153.00
1.01,29.56,167.00
0.52,28.43,151.00
-0.00,29.96,175.00
-0.58,33.05,-2.67
-0.00,31.19,-0.00
0.56,33.68,2.64
1.11,31.38,5.23
1.61,31.56,7.96
2.29,30.70,10.60
2.77,32.31,13.33
3.39,31.02,15.78
3.78,31.16,20.23
4.43,30.27,20.46
4.78,30.60,23.78
5.45,33.37,25.70
5.87,30.41,29.00
6.53,31.73,30.77
7.30,30.39,34.19
7.54,30.87,36.29
8.61,30.12,39.34
8.71,30.78,45.20
9.73,30.42,45.03
9.96,31.04,51.61
10.76,31.45,50.79
11.02,30.28,54.38
11.47,32.61,55.55
12.07,30.07,59.56
12.84,30.81,61.34
14.80,30.01,64.67
14.06,30.71,70.15
15.31,30.27,71.45
15.39,30.57,76.27
16.40,31.21,78.40
17.54,31.10,83.87
17.88,31.51,86.50
20.35,31.19,90.65
19.61,32.27,95.39
22.76,31.91,102.39
22.09,33.27,113.52
23.73,33.04,110.70
24.07,33.47,124.02
25.40,33.54,121.57
26.50,33.91,128.06
27.61,33.93,133.42
28.87,34.88,140.77
30.96,35.93,149.58
32.14,35.85,155.24
33.89,36.65,167.09
35.82,36.94,174.36
37.19,37.34,179.61
38.59,37.26,185.59
39.53,37.43,197.47
41.56,37.56,203.62
43.78,38.19,211.32
45.39,38.22,221.39
47.50,38.86,231.59
49.81,40.07,243.50
51.47,38.79,249.97
51.81,39.47,248.37
51.94,36.25,249.02
52.57,34.88,247.88
51.44,33.18,244.89
51.84,31.95,245.93
55.07,31.70,253.72
53.48,30.46,271.07
62.19,32.26,272.01
53.24,28.21,262.24
52.98,29.26,254.83
55.50,26.34,261.55
52.76,24.95,263.74
54.89,24.69,256.71
54.16,23.23,270.63
54.75,22.82,259.61
59.40,21.24,257.67
54.70,19.84,262.17
54.26,18.68,279.87
55.56,18.89,256.79
59.45,16.66,260.11
55.76,16.33,289.34
56.43,14.53,263.70
54.47,13.93,287.21
55.91,13.66,263.08
54.50,11.80,277.79
55.51,12.26,262.09
56.72,9.75,273.78
56.68,9.79,278.53
66.50,8.22,282.23
62.73,7.93,345.41
63.27,7.58,329.19
60.69,5.27,298.86
66.58,4.87,323.21
66.44,3.11,287.61
59.84,2.16,335.80
87.42,0.00,279.00
79.81,1.42,319.00
81.81,3.11,271.00
78.25,4.15,282.00
79.33,6.26,268.00
83.59,6.85,273.00
78.51,8.40,270.00
86.19,9.58,270.00
78.17,11.07,273.00
77.10,12.21,268.00
77.17,13.61,269.00
77.20,15.01,269.00
76.93,16.47,286.00
78.34,17.96,275.00
80.00,19.45,290.00
77.66,23.61,291.00
92.18,24.74,303.00
81.36,26.24,359.00
91.48,27.29,282.00
93.16,31.32,335.00
76.93,28.90,284.00
110.00,39.61,344.00
75.09,32.20,326.00
71.86,30.73,304.00
72.38,36.39,295.00
71.54,37.44,285.00
76.47,38.07,285.00
72.68,38.63,289.00
70.99,36.92,266.00
68.28,37.56,277.00
68.87,40.93,303.00
70.92,43.22,289.00
68.68,43.07,294.00
69.64,47.77,276.00
72.72,45.94,280.00
66.34,47.29,306.00
74.27,53.96,282.00
66.55,49.09,284.00
65.20,52.20,282.00
71.12,53.73,293.00
65.62,55.82,294.00
69.95,56.97,299.00
65.18,59.08,313.00
65.00,59.02,295.00
60.36,58.70,307.00
58.09,56.65,274.00
54.43,56.57,275.00
52.44,56.24,257.00
49.50,54.97,259.00
47.95,58.47,246.00
45.10,53.53,242.00
43.79,57.26,232.00
40.68,52.07,227.00
39.24,53.24,219.00
38.49,50.85,217.00
36.05,52.45,213.00
39.07,51.39,214.00
32.96,52.23,205.00
34.55,50.08,203.00
29.97,50.87,210.00
29.97,49.37,196.00
27.50,50.12,216.00
27.18,49.05,190.00
24.95,49.50,206.00
24.35,48.61,185.00
22.36,48.49,189.00
21.88,51.02,179.00
20.56,48.98,188.00
19.71,52.86,176.00
18.96,48.31,179.00
17.70,53.57,174.00
17.13,47.82,176.00
15.54,48.94,170.00
15.81,47.25,171.00
13.54,47.78,178.00
13.39,47.73,169.00
11.74,47.09,185.00
11.12,46.15,162.00
9.85,46.90,169.00
8.98,47.93,159.00
7.97,45.49,161.00
7.23,49.38,156.00
6.63,47.77,166.00
5.63,47.01,156.00
5.23,44.78,156.00
3.95,46.31,154.00
3.41,44.62,154.00
2.33,44.96,169.00
1.61,43.83,152.00
0.77,44.43,155.00
-0.00,46.78,152.00
-0.81,47.89,-2.86
-0.00,55.31,-0.00
0.79,44.80,2.58
1.56,44.78,5.03
2.31,44.13,7.54
3.13,45.31,10.46
4.04,44.33,12.72
4.68,45.18,16.52
5.61,45.09,17.79
6.32,44.68,20.74
7.20,48.22,23.00
7.89,44.74,25.87
8.73,46.41,28.24
10.34,45.04,31.19
10.43,45.47,34.42
11.59,45.28,37.01
12.16,45.97,42.45
13.29,45.75,42.45
14.00,46.10,46.78
14.99,50.26,48.21
15.69,45.87,52.09
16.80,47.91,54.04
19.16,46.16,58.06
18.75,47.56,60.31
20.89,46.37,64.08
20.74,47.43,71.99
22.33,47.33,71.42
23.03,47.77,74.96
24.55,47.36,78.54
25.24,47.75,83.57
26.67,50.54,85.81
27.50,47.90,91.50
28.97,52.98,93.74
29.80,47.96,100.68
32.15,49.76,104.03
33.87,50.21,111.28
35.27,50.63,114.72
39.96,50.75,119.91
38.31,51.33,124.58
40.14,51.38,130.52
41.81,51.63,146.63
44.10,52.32,144.63
45.82,53.41,155.49
48.38,53.74,157.25
50.79,54.47,165.04
52.59,57.35,170.89
54.85,55.28,179.61
57.57,56.03,186.31
62.60,55.85,196.00
62.00,56.86,204.36
65.30,56.56,211.32
67.70,57.40,229.05
72.05,58.54,234.70
73.30,57.46,236.40
74.04,55.23,237.19
73.75,53.95,241.09
73.41,51.40,236.73
74.04,49.59,237.93
73.08,47.12,233.99
73.12,45.52,236.61
73.64,44.72,236.58
77.07,42.49,239.02
74.32,41.50,238.77
79.67,39.75,243.69
75.44,38.72,246.81
78.32,36.85,246.27
75.90,36.04,266.45
78.20,33.56,245.74
75.95,32.60,261.42
78.79,31.83,246.63
76.45,29.57,255.80
78.11,31.07,246.20
76.55,26.56,256.24
78.47,26.55,248.23
80.97,23.49,252.46
78.42,23.08,248.97
90.14,20.87,255.00
78.26,20.04,259.07
85.81,17.87,252.36
77.38,16.70,277.79
80.99,15.04,252.28
77.30,13.79,280.67
80.58,13.10,252.85
79.87,11.14,274.30
82.20,11.30,257.07
81.75,8.46,263.55
81.27,7.76,261.00
91.86,5.60,265.35
81.16,4.43,264.64
94.81,2.80,265.84
103.54,0.00,300.00
125.01,1.77,264.00
101.53,3.65,307.00
104.18,5.60,255.00
98.61,6.98,275.00
100.04,9.84,251.00
97.15,10.25,257.00
98.12,12.62,251.00
101.76,13.70,256.00
96.87,15.34,251.00
96.58,17.03,251.00
96.27,18.71,251.00
100.13,20.39,253.00
96.32,22.59,263.00
99.71,23.92,254.00
95.49,26.19,280.00
98.03,26.82,252.00
93.79,29.25,288.00
95.50,30.43,251.00
92.36,32.18,273.00
94.36,35.95,249.00
90.83,35.29,269.00
92.74,41.72,249.00
89.20,38.17,253.00
88.88,40.84,253.00
98.80,40.95,251.00
87.80,43.85,270.00
92.95,44.17,252.00
86.25,46.59,287.00
89.88,47.74,253.00
85.95,50.21,272.00
87.41,53.73,255.00
84.17,53.83,270.00
86.84,62.14,259.00
83.57,57.03,271.00
85.46,66.11,260.00
85.67,60.63,272.00
83.94,64.67,267.00
89.29,64.95,274.00
82.90,68.36,274.00
88.90,69.82,282.00
84.04,73.83,295.00
86.53,75.30,291.00
83.44,78.34,314.00
84.04,79.80,293.00
79.29,79.29,298.00
76.54,79.54,276.00
72.48,77.16,276.00
69.28,81.59,260.00
65.62,75.79,260.00
62.54,80.22,247.00
60.24,74.09,246.00
57.73,76.36,236.00
57.61,72.08,232.00
52.59,74.60,225.00
56.48,71.06,223.00
47.85,72.56,216.00
48.09,69.47,215.00
43.27,70.91,227.00
43.07,68.32,206.00
39.27,69.37,222.00
39.21,68.01,199.00
35.95,68.31,205.00
35.12,69.98,193.00
32.54,67.08,196.00
31.54,75.43,187.00
29.08,66.04,190.00
27.94,71.21,178.00
25.76,63.76,177.00
24.50,66.39,173.00
24.59,63.15,175.00
21.88,65.76,170.00
23.06,62.43,170.00
19.19,64.27,167.00
20.03,61.97,167.00
16.69,63.78,177.00
15.97,62.56,166.00
14.41,63.20,175.00
13.40,60.77,161.00
12.00,62.90,169.00
11.20,68.11,159.00
9.66,62.52,165.00
8.81,65.39,157.00
7.90,61.28,160.00
6.45,62.56,157.00
6.03,59.94,156.00
4.17,60.81,163.00
3.17,57.75,149.00
2.02,58.57,166.00
1.04,58.21,149.00
-0.00,58.61,151.00
-1.08,65.07,-2.65
-0.00,60.20,-0.00
1.06,61.41,2.58
2.12,60.57,5.17
3.15,60.11,7.80
4.31,60.46,10.39
5.21,60.78,13.16
6.38,62.70,15.37
7.24,58.94,18.16
8.32,64.04,20.32
9.67,59.05,23.15
10.45,60.88,25.70
12.96,59.89,29.00
12.85,61.27,33.89
14.46,61.03,34.87
15.15,61.57,39.43
16.74,63.65,40.63
17.60,61.77,44.65
18.79,66.90,45.61
19.98,60.73,48.52
21.19,62.69,51.44
25.04,61.15,55.41
23.32,62.27,59.13
25.45,60.72,61.06
25.75,61.03,68.77
27.30,60.57,67.11
28.71,61.93,72.69
30.85,65.44,74.52
31.76,62.33,79.45
33.80,62.85,82.63
34.90,63.32,86.30
36.81,66.93,91.00
38.34,63.80,95.80
40.52,66.57,99.09
46.74,65.15,104.57
44.58,65.75,112.96
46.43,66.30,114.72
48.29,67.13,130.49
52.38,68.22,126.98
53.59,68.91,132.98
55.80,69.22,137.82
57.78,69.48,146.56
61.11,70.60,150.89
63.41,70.43,156.58
66.57,72.58,165.73
69.51,72.27,173.66
73.05,72.76,179.61
75.49,73.18,189.19
79.42,74.06,196.00
82.22,74.57,205.11
85.95,74.98,222.64
89.73,75.30,222.92
92.30,74.74,237.81
93.27,71.62,224.58
92.58,69.76,230.01
93.45,70.05,227.33
92.29,64.62,227.72
91.72,61.18,223.01
91.42,59.15,223.93
92.79,57.55,225.58
97.27,55.51,229.72
93.34,55.32,228.63
99.25,51.47,230.02
94.45,50.60,241.93
97.12,47.83,232.55
95.05,46.89,256.16
97.32,46.24,233.83
95.49,42.85,241.18
97.34,45.93,235.65
96.17,39.01,241.99
96.83,40.67,237.13
102.05,35.33,239.62
97.68,34.43,236.38
105.60,31.17,237.76
96.85,29.97,244.81
100.48,27.58,239.35
97.43,26.32,267.56
100.64,24.21,240.63
97.89,22.87,266.00
100.26,22.07,241.60
98.22,19.32,251.30
100.54,20.13,244.23
100.03,15.84,252.85
101.10,16.02,246.58
109.81,12.34,252.11
101.53,11.18,247.64
117.50,8.86,253.03
102.25,7.38,267.35
114.95,5.32,252.65
102.44,3.68,296.82
133.81,0.00,253.00
121.67,2.16,299.00
126.94,4.70,248.00
119.10,6.34,273.00
120.91,9.77,246.00
121.22,10.39,250.00
118.61,12.87,244.00
128.00,14.42,246.00
117.14,16.67,243.00
116.36,18.43,243.00
116.02,20.37,243.00
115.17,22.48,243.00
115.71,24.70,261.00
118.10,26.61,246.00
115.25,29.09,273.00
116.14,31.12,244.00
113.25,32.87,257.00
115.44,38.13,243.00
111.58,36.55,252.00
113.68,44.19,242.00
110.70,40.29,249.00
110.89,47.26,241.00
116.87,44.31,249.00
108.89,48.12,241.00
124.01,47.72,245.00
107.21,51.02,249.00
118.52,51.43,244.00
104.54,54.14,272.00
110.87,54.85,244.00
103.46,58.05,277.00
104.96,60.60,246.00
101.81,61.92,267.00
103.61,70.14,247.00
100.43,66.01,257.00
102.89,76.72,250.00
101.27,70.63,260.00
100.80,76.09,256.00
106.48,74.98,261.00
99.71,79.99,260.00
107.76,79.94,265.00
99.16,84.14,272.00
102.08,87.47,278.00
100.52,91.16,298.00
101.41,93.24,283.00
99.04,96.66,290.00
98.39,101.47,283.00
92.95,95.90,278.00
89.27,101.76,266.00
84.02,93.67,262.00
81.74,98.79,252.00
78.22,90.99,248.00
74.14,92.31,240.00
75.81,89.78,239.00
66.81,90.21,226.00
69.25,86.68,223.00
60.62,87.37,217.00
61.81,85.21,213.00
54.92,85.79,223.00
54.46,83.46,204.00
50.19,83.94,222.00
49.69,82.71,198.00
45.83,83.11,211.00
44.38,83.47,191.00
41.16,81.64,193.00
39.95,86.28,184.00
37.08,79.53,187.00
35.10,83.71,177.00
33.53,78.99,179.00
32.15,84.06,175.00
31.10,78.30,175.00
28.52,81.09,172.00
29.83,78.39,172.00
25.62,80.23,169.00
26.93,77.89,170.00
22.05,78.29,179.00
21.21,75.86,163.00
18.88,76.21,172.00
17.67,77.47,159.00
15.93,75.87,162.00
14.71,82.81,157.00
13.22,74.96,159.00
11.83,77.09,155.00
11.40,74.41,157.00
9.10,76.03,153.00
8.31,73.77,153.00
6.46,74.86,163.00
5.34,73.03,152.00
3.83,73.59,163.00
2.57,75.10,151.00
1.27,72.71,153.00
-0.00,78.05,149.00
-1.29,75.49,-2.71
-0.00,78.50,-0.00
1.32,75.49,2.65
2.65,75.95,5.27
3.98,75.90,7.90
5.30,77.31,11.44
6.80,75.71,13.33
7.94,76.58,16.62
9.44,81.89,18.77
10.51,75.76,21.57
12.05,80.50,23.93
13.46,74.85,26.57
14.69,76.57,29.19
17.98,75.32,32.43
17.55,77.46,38.02
19.60,75.68,38.22
20.45,76.79,43.48
22.19,80.27,43.83
23.39,76.98,47.95
25.34,78.94,49.75
28.81,75.64,52.74
27.53,77.52,55.07
29.03,75.62,58.77
30.91,76.96,65.93
32.82,76.40,64.47
33.96,76.74,67.92
36.35,79.30,72.27
37.48,77.75,77.59
40.18,86.87,79.45
41.55,78.58,85.44
43.88,83.09,87.27
45.50,78.38,92.50
47.90,81.86,95.80
54.85,80.14,101.21
52.29,81.35,104.57
57.04,81.25,111.28
57.64,82.32,115.29
59.95,82.52,122.26
62.89,85.05,133.60
66.49,84.32,131.75
67.97,84.71,139.71
71.99,85.41,143.34
74.79,86.79,150.89
78.29,87.69,158.58
82.52,88.86,166.41
85.44,90.28,172.28
89.80,90.16,180.31
93.15,89.96,187.75
96.90,91.39,198.93
102.18,92.34,205.11
105.66,92.50,212.83
109.54,91.60,229.05
111.13,88.73,219.16
110.72,86.19,219.86
110.61,86.06,221.22
110.84,80.53,223.29
111.81,78.01,221.99
112.33,75.77,225.50
111.12,72.98,223.09
111.52,69.42,223.04
113.15,68.50,223.72
117.35,65.00,225.17
113.70,63.75,234.40
116.55,60.56,228.68
114.49,59.25,249.48
117.74,55.89,229.19
115.10,54.31,241.98
118.30,54.91,231.13
115.98,49.62,238.41
118.22,50.95,233.65
119.03,45.15,237.13
118.87,44.63,234.92
130.01,40.37,238.27
119.36,39.71,238.72
132.93,36.55,240.99
121.12,35.14,263.39
124.12,31.83,239.55
118.86,29.88,262.95
121.80,28.57,241.64
121.29,26.20,257.25
123.69,27.00,241.48
120.64,21.45,252.11
122.97,21.98,241.98
129.23,16.98,246.58
122.08,15.90,241.19
126.30,12.75,242.66
120.54,10.63,269.97
122.20,9.10,240.41
119.34,6.33,253.65
120.93,4.75,238.85
141.67,0.00,251.00
142.23,2.83,239.00
154.20,4.84,249.00
137.47,7.80,240.00
157.35,9.52,241.00
135.99,12.15,254.00
138.05,14.21,239.00
134.36,16.57,246.00
134.61,18.92,237.00
133.70,21.18,236.00
133.31,23.51,236.00
133.44,25.83,236.00
133.53,28.50,237.00
132.45,30.71,238.00
133.01,35.25,237.00
132.97,35.33,242.00
132.33,41.42,239.00
139.87,40.08,242.00
131.47,43.96,240.00
147.51,45.00,243.00
130.43,49.04,247.00
148.86,49.54,243.00
129.23,53.29,265.00
142.03,54.01,243.00
126.81,57.16,276.00
129.44,59.87,243.00
125.27,61.35,266.00
127.25,68.48,243.00
123.06,66.24,253.00
124.91,77.58,244.00
122.20,70.26,252.00
122.42,81.24,245.00
127.44,74.77,251.00
119.78,79.97,246.00
134.10,79.54,251.00
117.93,84.88,258.00
128.07,85.30,254.00
117.27,89.40,279.00
119.78,91.46,259.00
115.90,94.21,278.00
117.32,98.07,266.00
115.15,100.47,272.00
115.51,109.38,270.00
113.68,106.01,274.00
113.46,117.54,274.00
111.94,112.35,278.00
111.56,117.59,279.00
116.18,117.04,281.00
104.78,117.65,272.00
107.62,114.71,266.00
95.86,114.68,266.00
92.77,110.10,249.00
85.81,110.74,261.00
83.88,108.56,237.00
77.88,108.12,247.00
75.01,106.19,222.00
70.24,104.61,227.00
67.48,110.64,212.00
63.53,101.66,213.00
61.45,109.15,205.00
58.22,100.84,208.00
55.62,106.85,214.00
54.12,97.74,193.00
49.48,98.12,215.00
48.02,95.89,187.00
44.60,96.69,190.00
43.39,96.94,179.00
39.89,96.09,187.00
39.75,107.96,178.00
36.38,94.24,180.00
33.55,99.17,169.00
31.37,90.57,169.00
29.42,93.28,164.00
29.51,89.41,166.00
25.93,92.63,163.00
27.32,90.31,165.00
22.48,91.27,175.00
21.55,89.42,161.00
18.96,90.33,169.00
17.62,90.65,158.00
15.64,89.25,162.00
14.18,99.71,156.00
12.37,88.61,159.00
10.90,91.09,154.00
10.13,87.85,156.00
7.70,89.71,152.00
6.76,86.40,153.00
4.56,87.64,167.00
3.10,85.41,150.00
1.50,86.60,158.00
-0.00,88.90,150.00
-1.52,87.57,-2.69
-0.00,94.63,-0.00
1.50,85.22,2.55
2.97,85.18,5.06
4.95,85.70,7.69
5.99,86.78,10.81
7.53,85.49,12.72
8.97,86.52,16.62
10.67,88.09,17.91
12.03,85.56,21.29
13.79,95.21,23.31
15.41,86.83,26.39
17.05,86.55,29.00
20.41,86.82,31.81
20.23,88.77,35.99
22.18,87.26,37.26
23.43,88.00,42.45
25.60,89.84,42.72
26.81,88.81,47.07
29.06,94.47,48.82
30.43,88.92,53.07
32.57,91.14,55.07
38.34,88.90,58.77
36.11,90.47,63.68
39.27,89.82,64.86
39.69,90.21,73.62
42.23,88.96,71.00
43.29,89.81,75.84
45.90,93.75,78.09
48.02,90.82,83.57
51.01,100.76,86.78
53.19,92.64,90.50
56.01,96.23,95.28
61.98,95.21,100.68
61.14,96.62,104.57
69.68,95.51,110.16
66.75,97.26,116.44
71.86,97.01,119.32
73.22,98.11,128.79
77.44,101.44,131.75
79.90,99.58,137.82
84.25,99.51,143.34
87.54,101.14,152.21
92.43,101.78,156.58
95.41,103.17,166.41
100.44,104.01,172.28
108.48,104.74,178.90
107.40,105.34,188.47
114.78,105.83,195.27
119.25,108.16,214.03
125.54,109.13,214.34
128.33,107.68,221.39
130.64,108.38,219.16
129.69,101.33,221.43
130.97,101.88,221.22
131.25,95.36,221.67
131.45,92.04,222.81
136.44,88.75,224.67
132.11,85.80,223.09
131.10,81.61,222.19
131.50,79.92,232.29
132.86,75.53,222.57
132.63,73.52,237.90
133.90,70.64,225.15
132.50,67.78,230.77
134.19,68.80,225.60
133.71,62.60,232.01
135.32,65.51,229.30
138.51,57.88,230.13
137.34,56.59,230.87
150.90,52.03,232.46
136.43,50.66,238.68
147.28,47.08,234.49
137.52,45.05,257.74
141.09,42.10,235.25
138.99,40.18,253.77
142.51,40.47,238.58
140.87,35.12,242.57
140.89,36.76,236.77
143.16,29.82,242.58
143.09,30.28,240.50
162.66,25.01,244.23
142.81,23.63,247.91
167.63,19.96,244.60
142.35,17.76,279.90
153.74,14.93,243.66
141.12,12.45,267.98
142.48,10.58,238.42
139.11,7.35,249.66
142.74,5.62,237.86
163.36,0.00,247.00
158.09,3.18,236.00
175.06,5.40,241.00
155.27,8.62,239.00
175.40,10.75,237.00
152.28,13.55,255.00
155.29,15.98,235.00
151.72,18.63,240.00
152.67,21.37,234.00
150.98,23.81,233.00
149.25,26.54,231.00
148.77,28.92,231.00
149.52,32.46,233.00
149.58,34.68,235.00
149.59,37.93,233.00
158.43,39.90,235.00
148.83,43.76,234.00
167.51,45.08,236.00
147.88,48.66,242.00
164.38,50.19,238.00
146.73,54.53,268.00
159.86,55.96,240.00
145.99,59.47,278.00
149.16,63.06,240.00
142.64,64.31,263.00
144.49,74.03,240.00
140.93,69.31,246.00
142.63,81.91,240.00
141.92,74.54,246.00
139.43,83.33,241.00
151.13,79.06,245.00
137.21,85.49,243.00
155.23,84.83,247.00
135.35,89.69,259.00
145.76,89.88,248.00
132.74,94.08,280.00
136.41,95.25,250.00
133.08,99.10,262.00
133.90,109.86,256.00
131.54,106.93,265.00
131.17,118.08,262.00
129.73,113.20,266.00
129.69,118.53,266.00
135.31,120.36,270.00
128.36,125.78,270.00
137.32,126.18,275.00
125.78,131.67,285.00
127.97,131.95,278.00
119.41,133.10,289.00
114.92,130.72,264.00
107.11,128.66,264.00
102.39,130.01,244.00
97.34,125.11,244.00
94.36,134.66,235.00
88.31,121.54,233.00
83.91,125.75,220.00
80.71,119.11,222.00
76.82,121.05,211.00
77.18,115.72,209.00
69.61,118.09,202.00
72.49,113.63,202.00
62.34,114.76,200.00
62.22,111.22,193.00
56.89,112.82,209.00
55.51,109.68,186.00
51.02,110.59,202.00
49.90,107.28,180.00
45.37,107.50,186.00
43.99,112.53,174.00
40.67,105.96,179.00
38.82,118.37,171.00
37.16,108.56,177.00
34.67,112.93,169.00
32.99,105.40,170.00
30.56,109.73,167.00
32.26,105.83,168.00
26.35,108.22,166.00
25.09,103.56,163.00
22.37,107.17,180.00
20.78,103.68,161.00
18.11,103.37,163.00
16.32,112.10,155.00
14.24,100.70,157.00
12.47,103.54,154.00
11.73,99.83,156.00
8.81,101.96,158.00
7.23,98.82,152.00
5.12,99.58,161.00
3.53,97.69,149.00
1.71,98.39,155.00
-0.00,103.66,149.00
-1.73,99.69,-2.65
-0.00,104.38,-0.00
1.73,99.02,2.57
3.43,98.30,5.13
5.15,98.23,7.69
6.86,99.46,10.95
8.69,97.99,12.81
10.35,98.49,15.89
12.23,104.27,17.91
13.69,98.73,21.02
15.60,103.10,23.15
18.01,98.84,26.39
19.28,101.15,28.43
22.68,98.83,31.60
22.88,100.41,37.12
25.25,99.34,37.01
26.67,100.83,41.67
29.14,106.13,43.00
30.71,100.46,46.78
32.88,108.18,48.82
35.51,100.60,52.74
36.62,103.12,54.38
41.48,99.95,58.06
40.86,102.37,65.56
43.40,100.40,64.08
44.36,100.25,71.18
48.07,104.31,71.85
50.16,103.44,76.71
52.86,114.47,78.54
54.97,103.98,84.04
58.07,110.02,86.30
62.23,103.73,89.50
62.03,106.68,93.22
70.56,105.55,99.09
68.88,107.75,103.48
73.34,107.06,109.60
74.84,107.98,119.88
80.23,108.27,118.14
81.75,109.55,125.18
86.10,109.15,127.44
88.85,111.28,137.19
94.19,117.89,140.13
96.58,111.60,146.96
101.19,114.37,151.89
106.78,112.56,158.91
111.09,116.00,166.02
122.55,116.39,176.07
122.26,119.46,189.19
128.22,118.65,193.08
136.25,123.13,211.80
142.91,123.79,212.83
145.06,122.58,218.32
147.16,122.96,218.38
147.11,115.35,220.64
148.56,113.56,220.42
150.49,108.16,220.86
150.18,104.78,227.72
150.33,100.65,223.84
148.15,96.58,220.57
149.81,92.55,222.19
149.70,90.29,225.43
150.67,90.00,224.30
150.41,84.02,227.40
150.66,85.76,227.80
154.42,78.07,228.99
152.76,75.97,229.19
167.38,72.11,229.30
154.65,68.86,246.66
159.53,65.89,231.05
155.10,63.17,252.19
158.67,62.59,232.46
154.05,56.07,234.92
156.27,60.34,228.82
155.28,50.45,235.86
156.77,50.67,231.43
167.23,44.45,235.51
156.41,42.78,231.82
183.09,39.01,235.78
156.48,36.88,247.49
171.48,33.25,235.73
155.67,30.90,265.04
161.45,27.89,234.38
156.63,25.44,265.69
161.68,24.86,237.66
159.39,19.65,245.16
161.04,18.88,233.71
163.31,13.82,242.08
160.20,12.00,231.43
179.08,8.19,240.67
159.82,5.88,248.85
203.32,0.00,241.00
179.15,3.27,280.00
202.46,6.20,242.00
175.28,9.30,282.00
178.75,13.26,240.00
173.40,15.30,244.00
173.84,20.03,237.00
172.04,21.12,239.00
171.64,24.33,236.00
169.03,26.77,235.00
169.26,30.10,236.00
170.15,33.07,236.00
169.54,36.04,237.00
173.88,38.99,238.00
167.47,42.29,249.00
173.78,44.67,238.00
166.62,48.58,268.00
169.95,50.25,237.00
164.85,54.24,268.00
168.73,58.57,239.00
164.25,60.28,256.00
165.23,71.03,239.00
161.39,65.75,247.00
163.59,78.30,238.00
164.36,71.99,244.00
159.08,80.05,239.00
174.19,76.62,242.00
156.39,80.68,239.00
178.23,82.06,242.00
154.16,87.22,255.00
165.31,87.40,239.00
151.08,91.91,275.00
154.44,94.56,243.00
149.66,97.19,254.00
150.97,114.10,245.00
147.98,102.77,251.00
145.55,112.63,249.00
162.96,111.36,251.00
148.11,117.52,266.00
150.05,119.67,262.00
146.79,123.17,290.00
148.48,127.15,266.00
144.57,129.68,281.00
146.02,137.66,270.00
142.57,138.70,279.00
142.73,153.59,276.00
140.22,146.25,282.00
139.66,154.04,277.00
135.56,147.83,271.00
126.67,147.37,261.00
130.22,142.86,255.00
114.14,142.66,246.00
115.72,139.47,243.00
104.75,140.76,252.00
102.74,136.68,233.00
94.38,135.39,244.00
92.02,132.78,219.00
85.64,133.71,222.00
83.33,136.45,211.00
78.35,131.02,215.00
76.79,143.14,204.00
70.91,129.21,204.00
68.33,141.42,196.00
65.08,127.07,199.00
60.91,127.52,188.00
63.67,123.29,186.00
55.63,127.61,184.00
59.72,123.20,186.00
49.86,124.77,195.00
48.49,120.17,180.00
44.27,123.70,203.00
41.91,118.25,171.00
38.19,118.24,179.00
36.35,121.00,165.00
32.46,113.89,165.00
30.66,128.57,160.00
28.13,113.54,160.00
25.83,114.73,156.00
26.00,110.17,156.00
21.63,112.71,157.00
21.08,110.20,155.00
17.62,112.69,171.00
16.08,110.81,154.00
13.55,111.79,158.00
11.77,116.38,150.00
9.50,109.29,152.00
7.65,113.08,148.00
5.89,108.09,150.00
3.88,113.29,150.00
2.17,108.96,150.00
-0.00,108.97,158.00
-1.93,107.74,-2.57
-0.00,112.21,-0.00
1.88,111.45,2.55
3.76,108.43,5.10
5.72,115.03,7.64
7.62,108.23,10.46
9.59,111.79,12.81
12.74,108.64,15.57
13.31,110.64,19.13
15.72,108.92,20.88
17.32,110.10,24.56
19.49,116.36,26.05
21.41,110.15,29.58
23.64,117.76,31.60
26.58,110.79,34.87
27.69,113.21,37.01
31.74,110.54,40.38
31.75,112.87,46.86
34.98,111.58,45.90
36.28,112.38,50.37
39.19,119.45,51.44
40.41,112.43,55.75
43.41,116.56,58.41
47.33,113.00,61.81
47.62,113.56,64.08
53.80,112.70,68.33
53.39,115.17,75.23
57.34,114.22,75.40
58.03,115.21,88.53
62.45,114.17,82.63
63.77,116.34,90.66
69.11,125.50,92.00
70.04,118.48,97.34
74.04,129.83,101.21
77.31,120.29,106.75
81.45,124.45,109.60
85.25,121.75,117.01
89.11,122.65,120.50
95.26,124.04,126.98
97.00,125.32,131.14
101.95,124.75,136.56
105.09,125.81,149.77
111.16,126.75,148.93
114.37,128.13,157.91
120.12,134.24,162.32
124.41,130.44,170.19
131.37,132.95,177.48
139.52,131.64,184.15
141.31,132.79,190.15
150.77,132.27,199.16
155.36,135.54,211.32
162.25,134.71,217.56
164.02,133.76,230.04
166.31,128.56,222.22
166.18,125.23,226.81
167.14,125.80,224.10
166.80,117.22,226.09
166.96,116.77,223.84
167.66,108.07,225.60
167.01,104.75,223.04
175.17,99.51,223.72
166.04,96.24,220.84
167.69,91.87,223.03
167.98,89.66,233.98
170.83,85.69,227.21
170.32,83.40,248.07
174.44,79.46,229.30
169.72,76.47,235.69
174.44,79.56,231.97
172.95,69.88,237.36
175.53,74.30,233.40
179.47,63.29,243.38
177.77,62.66,235.43
192.24,55.57,232.06
174.11,53.67,235.25
184.30,47.11,213.40
153.61,41.74,239.55
161.52,38.65,207.64
156.41,36.44,228.98
160.65,37.39,211.28
161.95,31.48,226.76
175.65,35.62,236.35
187.90,28.13,242.97
178.09,27.51,237.66
201.37,21.37,239.20
175.16,18.80,242.66
195.44,15.09,233.11
172.73,12.23,264.35
179.59,9.18,232.68
171.56,6.09,268.84
191.67,0.00,235.00
184.46,3.30,269.00
187.57,7.27,226.00
182.64,9.45,236.00
180.85,14.04,224.00
194.13,15.59,226.00
177.12,19.03,222.00
186.28,21.51,223.00
174.78,24.67,228.00
174.33,27.86,223.00
175.39,30.93,223.00
174.04,33.98,223.00
174.20,37.19,228.00
178.20,40.60,227.00
175.13,44.05,239.00
178.97,48.99,228.00
175.04,50.63,238.00
180.24,59.78,230.00
175.46,57.75,238.00
178.96,69.42,233.00
183.12,64.19,240.00
178.20,72.70,236.00
198.45,71.20,241.00
175.70,76.14,230.00
174.37,65.94,208.00
146.93,70.88,223.00
157.20,70.37,205.00
144.45,75.42,238.00
162.89,89.98,244.00
169.74,95.63,268.00
172.91,104.22,246.00
167.72,102.01,257.00
169.32,117.65,247.00
166.11,108.74,253.00
167.51,122.81,251.00
173.36,115.44,255.00
164.11,122.52,253.00
181.78,122.56,259.00
163.63,128.82,266.00
166.96,132.18,263.00
162.12,137.07,283.00
162.74,140.42,270.00
160.84,145.35,288.00
161.21,150.87,275.00
157.98,153.12,280.00
158.69,167.16,278.00
155.34,162.01,285.00
153.05,171.14,278.00
145.35,160.84,274.00
139.90,162.14,263.00
138.09,155.39,254.00
125.65,158.27,247.00
129.31,152.93,243.00
115.35,154.35,245.00
112.66,147.96,230.00
103.07,148.50,242.00
101.38,145.66,221.00
93.95,145.34,232.00
90.14,144.26,209.00
85.14,142.39,213.00
83.06,152.16,202.00
77.44,139.70,204.00
73.86,150.90,194.00
69.61,137.34,195.00
66.87,143.56,188.00
66.15,133.90,188.00
59.44,137.16,180.00
64.59,132.33,182.00
53.55,136.99,178.00
54.38,129.73,176.00
47.53,131.33,187.00
46.54,129.88,173.00
41.95,129.88,189.00
40.40,128.31,168.00
36.54,127.44,169.00
34.31,135.77,162.00
31.30,125.54,165.00
29.10,134.62,160.00
27.73,124.99,160.00
24.23,127.00,158.00
24.55,123.48,158.00
19.49,126.21,169.00
17.67,122.58,156.00
15.09,123.66,166.00
13.02,124.70,153.00
10.58,120.93,154.00
8.47,134.64,150.00
6.31,119.63,151.00
4.18,122.91,149.00
2.33,118.98,150.00
-0.00,121.39,154.00
-2.15,119.72,-2.60
-0.00,121.35,-0.00
2.09,118.91,2.55
4.09,118.04,5.10
6.18,117.15,7.64
8.24,118.64,10.25
10.37,120.08,12.81
13.61,119.08,15.57
14.59,120.45,18.40
17.34,119.37,20.74
18.86,119.86,25.34
21.35,119.51,25.87
23.00,119.12,29.19
25.57,130.57,31.19
27.48,119.82,34.64
30.14,122.46,37.01
35.81,120.34,40.12
34.34,122.10,44.38
37.61,119.92,45.61
39.25,121.57,51.61
42.14,123.92,51.44
43.72,120.88,55.07
46.97,133.69,57.70
49.70,123.02,62.18
52.47,125.86,64.86
64.50,125.64,70.37
59.49,129.05,74.38
62.42,126.52,76.71
64.64,128.31,85.80
67.99,125.72,83.10
69.82,128.07,90.17
74.83,134.52,90.50
77.08,129.68,96.83
81.88,137.90,100.15
83.72,129.59,104.57
88.67,134.14,109.60
96.05,130.55,114.72
95.58,132.87,118.14
109.06,132.45,125.18
104.10,135.79,133.60
110.48,132.66,134.67
111.81,133.86,143.34
117.30,133.72,144.99
120.72,134.67,153.23
127.45,140.82,156.86
134.32,139.67,168.11
140.16,143.02,173.24
143.74,139.94,179.12
149.10,139.59,182.84
156.92,135.88,185.79
152.03,131.10,186.41
152.46,127.93,186.15
152.78,121.68,195.06
149.82,117.55,185.97
149.25,113.44,188.48
150.54,112.22,185.26
151.76,105.80,186.77
150.91,102.24,185.70
157.41,98.70,184.51
151.62,95.60,187.42
158.11,91.25,186.01
153.44,87.37,193.99
155.67,85.90,188.04
154.29,81.66,200.43
155.70,82.27,192.46
157.06,76.60,195.94
156.91,80.69,194.86
157.42,70.75,196.41
160.11,71.76,198.83
180.03,65.16,202.13
162.39,64.07,206.32
181.69,59.21,204.85
164.46,57.68,240.16
170.81,55.00,205.43
168.66,50.85,215.17
169.53,55.08,204.75
165.67,44.60,208.64
169.56,45.21,205.70
182.88,38.22,206.57
168.56,37.17,207.37
189.01,32.26,207.12
167.31,29.78,220.60
185.38,26.58,208.40
169.84,23.76,236.67
175.05,22.09,210.42
173.79,18.18,229.73
174.08,17.28,215.18
180.78,12.36,222.46
176.93,10.20,210.71
181.11,5.31,188.88
158.58,0.00,193.00
202.26,2.86,194.00
171.33,6.16,225.00
184.04,9.11,197.00
165.89,11.78,208.00
168.22,16.44,194.00
173.05,17.38,196.00
165.05,20.47,194.00
168.07,23.14,194.00
164.24,26.15,194.00
164.61,29.02,195.00
163.24,32.06,194.00
164.33,35.11,197.00
164.53,38.18,207.00
168.00,40.64,199.00
154.00,41.71,208.00
145.84,44.89,185.00
160.66,50.12,208.00
164.67,60.66,196.00
159.66,54.70,203.00
159.48,66.84,194.00
174.45,59.90,199.00
154.98,65.50,191.00
178.32,63.97,195.00
151.91,70.08,214.00
166.25,68.83,194.00
147.92,74.02,224.00
156.57,77.83,193.00
144.56,77.26,210.00
143.19,87.27,177.00
130.65,77.15,190.00
132.99,94.03,177.00
137.39,81.31,185.00
127.96,91.04,174.00
147.81,84.36,180.00
124.98,91.45,182.00
137.31,88.67,179.00
121.85,92.85,203.00
122.26,95.52,178.00
118.57,97.64,184.00
119.51,109.64,182.00
117.74,104.04,188.00
120.39,115.28,187.00
125.38,109.32,189.00
117.77,117.90,194.00
141.22,126.68,213.00
126.83,133.80,225.00
128.02,134.78,219.00
124.46,138.87,241.00
125.40,142.97,223.00
122.32,148.40,232.00
123.53,161.21,231.00
120.85,158.06,235.00
121.74,177.30,233.00
115.88,160.19,234.00
110.13,162.20,222.00
110.72,154.92,219.00
100.84,158.87,215.00
107.65,154.11,213.00
91.83,155.03,209.00
91.29,150.69,204.00
84.36,152.94,218.00
81.29,146.83,195.00
75.49,148.93,213.00
72.90,144.84,189.00
67.38,146.05,190.00
65.20,152.70,180.00
59.95,142.02,184.00
57.48,165.31,174.00
53.14,138.44,176.00
50.72,146.60,170.00
52.74,137.78,171.00
44.76,140.22,167.00
47.87,134.43,167.00
38.98,137.60,171.00
38.60,136.61,165.00
34.01,138.06,185.00
31.62,134.47,163.00
28.87,136.67,167.00
26.99,143.04,158.00
23.52,135.06,163.00
21.32,145.62,156.00
19.21,133.27,158.00
16.51,136.12,156.00
15.50,130.43,154.00
11.36,132.36,161.00
9.39,128.26,151.00
6.73,129.25,168.00
4.52,127.64,149.00
2.20,127.70,150.00
-0.00,138.00,145.00
-2.18,126.42,-2.64
-0.00,130.77,-0.00
2.19,124.69,2.53
4.35,124.63,5.06
6.89,125.40,7.64
8.76,127.00,11.16
11.25,125.10,12.72
13.22,127.47,15.68
15.73,139.25,17.91
17.72,126.92,21.02
20.19,132.58,23.31
23.31,127.93,26.39
24.95,130.92,28.81
28.63,128.76,31.81
30.00,132.48,37.79
32.68,129.41,37.50
34.97,131.33,41.41
37.72,141.52,42.72
40.26,132.51,47.36
43.09,135.90,49.75
51.03,130.20,52.42
47.98,133.46,57.12
52.14,130.98,58.41
52.88,132.49,67.80
56.85,131.53,64.86
59.18,134.50,70.37
62.95,145.20,71.00
64.16,132.32,75.84
67.62,143.52,77.18
71.15,132.29,82.16
73.48,136.34,85.81
86.17,134.25,91.00
82.07,138.07,94.77
88.57,136.60,99.62
88.67,138.00,110.56
94.43,137.13,107.92
95.87,139.04,121.02
102.32,139.43,116.38
105.28,141.09,123.37
107.70,143.99,122.52
107.91,132.59,123.98
108.55,130.03,124.06
114.20,124.18,125.96
109.52,120.99,123.12
116.35,116.54,124.81
108.29,112.76,127.82
110.23,109.61,126.57
110.89,107.68,129.48
112.11,105.72,125.79
108.12,95.04,120.39
102.61,91.47,116.98
104.16,87.40,118.74
102.97,83.93,118.13
105.10,78.38,114.26
102.36,78.18,116.60
102.29,73.30,117.31
102.86,72.52,123.69
106.26,69.74,119.38
103.14,66.98,122.45
104.29,65.63,120.42
103.93,62.89,120.86
104.25,61.92,118.65
103.77,57.52,121.57
105.52,58.55,119.20
108.03,53.08,122.96
106.64,53.15,121.34
124.01,49.41,124.16
107.60,49.31,125.16
121.97,45.68,125.19
108.40,44.77,144.64
114.81,41.90,126.03
110.68,40.58,144.71
113.82,40.88,129.54
121.07,39.87,145.51
125.06,43.80,141.53
124.04,35.81,148.03
126.31,37.43,145.85
138.65,31.01,145.54
125.73,29.81,143.23
149.09,26.65,145.74
125.82,25.28,165.89
139.02,22.11,147.72
126.59,20.32,174.82
132.93,18.92,146.56
128.08,15.94,161.79
132.64,16.11,149.18
132.00,11.47,156.40
133.04,10.81,151.63
153.94,6.98,156.78
133.29,5.11,155.90
176.73,0.00,158.00
144.08,2.80,192.00
169.38,4.71,150.00
136.66,7.35,191.00
139.23,10.62,148.00
132.72,11.77,152.00
133.40,15.63,147.00
136.73,16.24,148.00
131.93,18.42,146.00
128.90,20.42,144.00
130.31,22.98,144.00
128.11,25.08,145.00
127.66,27.32,148.00
128.93,29.15,144.00
127.51,32.01,166.00
131.31,34.01,145.00
126.32,36.72,177.00
130.87,40.54,145.00
123.26,41.17,161.00
125.97,51.05,143.00
119.23,44.33,147.00
122.69,57.81,141.00
129.41,48.55,147.00
120.97,54.89,149.00
148.20,51.24,144.00
117.46,55.92,171.00
122.19,55.22,144.00
112.25,58.84,169.00
116.83,65.95,141.00
111.77,62.39,154.00
113.02,78.40,131.00
105.65,59.28,133.00
99.15,68.20,127.00
123.90,62.19,130.00
96.17,67.91,137.00
113.59,66.02,130.00
94.59,70.32,164.00
97.71,71.45,131.00
94.27,74.21,142.00
93.68,83.84,133.00
92.34,77.48,136.00
93.02,90.38,136.00
96.31,82.48,137.00
91.47,89.01,138.00
106.27,86.88,139.00
88.44,91.64,143.00
93.81,92.58,143.00
88.39,96.11,158.00
90.36,98.33,144.00
87.40,101.92,162.00
87.97,105.53,149.00
86.69,113.40,166.00
93.74,132.84,167.00
91.63,123.05,175.00
92.69,142.24,173.00
94.09,130.66,180.00
91.73,141.26,182.00
101.19,142.14,190.00
90.77,148.34,190.00
100.36,151.49,197.00
89.72,157.76,217.00
88.76,153.78,196.00
81.27,153.64,207.00
79.41,151.81,188.00
74.69,153.96,196.00
71.24,161.81,182.00
66.35,150.69,182.00
63.74,165.18,173.00
58.74,145.37,177.00
56.19,153.99,169.00
53.63,141.37,169.00
48.98,145.68,164.00
50.13,140.50,164.00
43.19,143.87,164.00
42.72,140.26,162.00
37.53,140.94,176.00
35.74,139.82,159.00
32.42,140.41,168.00
29.77,145.39,156.00
26.80,139.68,160.00
24.87,148.16,154.00
22.12,139.64,157.00
19.42,140.91,153.00
19.00,136.73,153.00
14.40,139.71,158.00
12.32,136.33,152.00
9.48,137.42,169.00
7.30,135.76,150.00
4.65,134.05,153.00
2.36,145.89,148.00
-0.00,134.13,148.00
-2.31,136.10,-2.51
-0.00,131.55,-0.00
2.28,130.62,2.50
4.56,131.47,4.99
6.88,132.28,8.16
9.37,130.32,10.04
11.47,131.96,12.72
14.04,147.18,15.16
16.14,132.38,18.16
18.82,136.60,20.32
23.01,131.74,23.15
23.48,134.95,26.05
26.67,132.72,28.62
28.30,134.93,34.31
31.24,133.52,33.52
33.15,134.73,37.50
35.94,142.95,39.08
38.02,134.36,43.00
41.40,138.03,45.03
46.58,134.67,48.52
46.40,137.34,53.39
52.18,139.07,55.41
53.36,139.02,63.43
57.15,139.76,62.18
59.25,140.43,66.82
63.17,156.06,69.15
66.02,142.41,73.54
68.88,148.62,75.84
72.16,142.45,80.81
76.77,148.42,83.57
89.46,143.02,86.78
83.59,147.95,91.50
91.75,146.43,95.80
91.01,147.20,102.80
94.53,142.51,101.85
94.00,140.87,109.60
95.89,138.44,103.82
94.51,129.34,102.27
96.21,139.35,103.51
94.49,120.22,103.43
95.44,119.27,103.84
99.83,114.77,106.06
97.09,113.07,105.63
103.31,107.94,107.06
95.95,100.22,103.66
91.38,93.97,99.34
91.08,91.73,108.19
91.34,86.94,99.27
92.20,87.23,101.66
93.69,90.47,101.07
91.01,79.71,101.89
93.78,81.04,101.12
94.42,74.74,102.58
94.30,74.80,100.87
100.68,70.37,102.23
93.86,68.73,102.75
95.79,66.55,103.21
94.67,63.86,110.26
96.54,61.20,103.16
96.07,60.03,103.46
95.53,59.75,103.72
95.73,55.27,103.92
95.88,59.79,104.95
97.60,51.47,108.60
100.12,55.16,107.81
111.67,48.06,110.55
97.70,47.10,107.85
117.67,44.22,108.71
99.23,43.55,127.95
109.27,40.04,111.26
98.93,38.63,128.83
109.88,47.49,120.28
110.56,38.37,122.92
112.08,42.06,120.78
120.56,33.39,121.45
111.53,33.49,119.20
140.30,30.03,121.71
112.57,28.51,135.84
122.84,25.48,120.82
109.02,23.55,150.63
112.99,23.01,120.74
109.76,19.67,134.92
116.40,22.58,120.50
111.27,15.51,125.76
113.34,17.59,121.09
142.64,11.84,123.32
112.85,10.35,131.50
138.52,7.77,121.70
111.30,5.98,152.79
126.91,3.99,121.93
115.35,0.00,158.00
127.63,2.51,117.00
108.67,3.89,145.00
112.36,7.72,115.00
125.45,7.52,119.00
108.32,9.72,113.00
123.18,11.17,114.00
104.17,13.02,120.00
104.87,14.74,111.00
105.53,16.71,112.00
105.22,18.39,114.00
104.88,20.39,113.00
106.36,22.80,114.00
105.03,24.46,116.00
106.42,31.11,115.00
104.12,28.14,119.00
106.34,38.05,114.00
105.79,31.51,118.00
104.31,37.69,113.00
119.80,35.09,117.00
102.18,40.10,117.00
134.17,38.63,117.00
99.94,42.50,136.00
118.37,42.12,115.00
96.74,45.00,147.00
101.12,49.15,115.00
96.03,48.08,127.00
98.57,61.38,113.00
95.17,51.49,122.00
98.41,69.68,117.00
104.81,55.79,121.00
98.07,67.20,118.00
121.88,56.62,116.00
87.23,59.22,131.00
97.20,57.10,108.00
83.65,61.83,140.00
90.26,72.80,111.00
83.06,63.16,116.00
82.70,73.93,110.00
88.18,65.45,112.00
80.40,70.50,112.00
98.48,70.72,114.00
78.70,74.02,123.00
84.36,74.16,114.00
78.90,76.85,137.00
80.23,78.22,117.00
77.50,81.62,129.00
79.96,89.90,122.00
76.55,85.72,126.00
76.92,106.33,125.00
75.97,91.99,129.00
76.76,101.40,130.00
84.99,99.10,134.00
75.68,103.45,131.00
86.70,103.27,139.00
75.38,110.76,152.00
86.18,121.50,158.00
80.85,126.88,181.00
81.17,127.49,159.00
77.92,132.11,170.00
78.01,146.57,165.00
75.64,139.76,173.00
75.91,161.96,170.00
73.40,146.59,179.00
73.78,156.37,178.00
75.92,154.25,182.00
69.22,161.53,183.00
77.21,157.53,183.00
63.76,160.43,179.00
65.74,154.48,177.00
55.95,156.38,193.00
54.79,151.98,169.00
48.79,151.97,194.00
47.27,149.19,166.00
42.74,150.88,167.00
40.13,156.17,161.00
36.60,146.79,164.00
34.24,152.93,159.00
32.04,147.05,160.00
29.05,153.14,160.00
29.55,148.98,161.00
23.52,149.42,169.00
21.58,145.13,154.00
17.51,142.65,161.00
15.62,143.87,152.00
12.44,143.17,155.00
10.09,162.23,151.00
7.47,142.58,154.00
5.02,145.52,151.00
2.74,142.75,152.00
-0.00,146.56,149.00
-2.71,145.49,-2.65
-0.00,146.46,-0.00
2.52,141.69,2.62
4.91,140.67,5.17
7.37,139.61,7.75
9.82,142.31,10.60
12.43,145.91,12.90
15.31,139.99,15.68
17.15,144.43,18.16
20.91,140.33,20.88
22.17,142.78,25.34
25.60,139.55,26.22
27.22,140.97,29.77
30.45,156.29,31.60
32.73,139.93,34.42
34.74,143.03,36.29
39.38,137.80,39.34
39.85,140.79,41.35
43.10,138.24,45.90
46.14,143.82,53.15
49.85,142.98,51.77
51.72,142.99,56.09
55.55,158.93,57.70
56.29,141.09,60.69
59.83,150.58,62.52
65.37,142.49,67.92
67.52,144.81,70.15
79.21,141.90,73.65
72.97,144.06,77.18
78.58,141.91,80.28
79.31,143.90,89.20
80.84,136.72,83.00
80.33,132.88,85.50
81.14,130.66,84.26
80.29,124.43,86.05
82.43,132.46,85.00
82.37,118.42,87.18
81.62,112.34,83.47
80.13,105.58,84.25
80.80,101.92,76.96
73.02,88.69,76.78
77.64,91.80,79.71
77.37,89.00,81.35
78.27,86.93,84.98
78.48,83.47,82.52
79.94,82.78,87.53
80.03,81.37,83.44
80.04,77.30,83.44
78.60,79.13,84.11
80.57,71.91,83.98
79.67,69.26,83.02
84.51,67.86,84.26
82.04,66.44,93.26
83.19,64.99,85.89
82.79,61.81,87.85
83.10,60.93,84.95
82.58,58.37,87.65
85.15,57.97,86.22
94.12,55.42,88.06
86.30,53.93,87.35
91.30,49.47,86.57
82.36,48.03,89.20
82.35,45.65,85.71
82.29,44.65,90.06
83.89,50.95,87.32
85.48,42.11,90.78
87.92,43.81,90.63
106.00,37.52,87.70
85.79,37.16,108.62
97.00,37.76,99.21
92.34,37.15,116.70
96.52,39.68,100.55
94.42,33.44,105.90
96.78,38.21,101.76
110.96,30.31,104.24
97.82,29.36,99.01
132.29,27.32,103.35
97.82,25.31,142.63
101.93,23.32,103.28
96.75,20.76,118.36
98.03,25.41,100.13
101.15,17.18,104.39
98.63,18.15,99.76
128.08,13.37,103.98
98.17,12.75,125.06
109.72,10.04,102.44
95.69,8.45,131.50
100.57,9.02,101.75
97.82,4.98,104.86
94.10,4.28,96.94
129.59,0.00,107.00
101.32,2.28,123.00
131.46,3.26,99.00
92.44,5.15,127.00
98.17,7.48,95.00
93.18,8.24,101.00
93.03,11.31,94.00
94.78,11.28,96.00
88.77,12.61,93.00
88.54,13.87,91.00
88.28,15.57,92.00
88.00,17.10,92.00
87.68,18.64,94.00
90.19,20.17,92.00
87.92,22.39,103.00
92.23,26.73,94.00
87.11,25.51,99.00
89.45,35.32,94.00
89.89,28.60,98.00
88.44,36.80,94.00
112.62,31.99,98.00
88.24,34.92,112.00
112.02,34.31,96.00
87.90,38.45,134.00
94.35,44.78,99.00
86.54,41.59,105.00
90.20,57.66,98.00
93.76,42.91,101.00
85.17,51.69,97.00
115.05,46.29,102.00
85.23,51.64,120.00
102.73,50.18,103.00
83.46,54.22,138.00
88.25,61.56,101.00
77.55,53.94,104.00
75.82,64.27,93.00
95.38,53.84,96.00
73.15,56.88,102.00
82.16,55.79,94.00
69.66,58.25,111.00
73.15,63.26,96.00
69.86,62.01,100.00
71.69,77.59,97.00
67.70,65.12,100.00
70.09,67.69,98.00
78.54,67.52,100.00
67.69,72.89,98.00
81.74,71.26,102.00
65.85,75.31,117.00
69.68,75.01,104.00
64.51,78.37,123.00
65.61,79.51,107.00
63.59,82.16,112.00
65.09,96.49,111.00
63.00,89.08,115.00
63.71,105.36,113.00
62.66,94.51,121.00
63.15,104.60,117.00
68.67,99.98,124.00
62.23,109.41,130.00
77.95,118.14,143.00
67.08,122.72,151.00
69.07,123.89,148.00
65.47,130.23,168.00
66.63,132.24,153.00
63.00,139.53,162.00
64.60,149.54,162.00
63.20,149.78,175.00
63.88,172.55,172.00
58.66,153.73,172.00
55.65,164.81,165.00
52.34,151.09,165.00
49.38,155.68,161.00
51.28,149.09,162.00
42.70,151.73,160.00
44.13,149.65,160.00
37.48,152.21,178.00
35.95,150.00,159.00
32.01,152.49,170.00
29.56,154.95,156.00
26.06,148.73,158.00
23.93,159.75,153.00
20.75,147.63,157.00
18.17,151.84,152.00
17.62,147.29,152.00
12.91,149.48,156.00
10.81,145.80,152.00
7.65,147.90,164.00
5.24,149.96,152.00
2.65,150.03,159.00
-0.00,156.87,150.00
-2.53,148.66,-2.72
-0.00,161.39,-0.00
2.59,147.68,2.64
5.15,147.61,5.23
8.09,147.50,7.85
10.37,149.29,11.37
13.04,147.14,13.25
15.34,147.86,16.93
18.24,155.34,18.40
20.42,146.26,21.29
23.26,155.54,23.47
26.67,145.46,26.57
28.37,148.83,28.81
33.35,144.47,31.60
33.01,144.87,36.89
36.44,142.36,36.53
37.72,143.61,40.38
41.52,154.20,41.62
42.90,141.25,45.03
46.25,143.26,46.66
53.18,144.28,51.77
52.86,147.98,54.04
57.14,144.28,56.98
58.26,145.11,64.43
63.06,144.06,62.91
64.45,145.65,70.77
68.62,148.93,69.73
71.18,147.70,75.84
74.16,146.42,73.55
73.01,137.32,75.58
73.50,135.17,73.21
75.32,127.07,75.00
74.06,125.77,75.20
80.34,116.96,73.66
73.52,114.85,75.70
76.03,109.47,76.05
74.62,107.37,82.59
74.74,99.71,74.65
74.76,99.21,78.84
77.08,100.97,76.34
75.71,93.50,78.67
76.71,98.91,78.42
77.01,88.59,80.70
78.54,87.96,78.96
82.05,82.98,80.48
78.82,83.03,80.58
84.38,78.16,79.90
79.51,78.14,81.29
80.84,71.38,78.99
77.78,70.03,86.20
81.20,67.38,80.00
76.43,65.39,82.73
79.06,64.63,78.49
75.54,59.62,81.17
78.90,64.16,77.47
76.76,55.77,79.28
77.72,55.54,79.46
85.15,52.51,80.42
78.75,52.74,80.51
82.95,48.72,80.56
79.65,48.36,86.57
83.86,46.95,83.14
80.42,44.58,91.84
84.64,43.17,84.76
84.54,43.52,96.23
86.16,46.31,83.59
81.56,38.86,88.82
84.89,45.35,84.05
87.34,34.78,89.29
84.34,36.28,83.45
110.49,32.60,88.69
85.48,32.45,110.88
90.64,29.62,85.10
82.79,26.90,91.30
84.19,32.03,82.24
94.03,23.46,87.47
82.20,23.80,85.97
105.35,20.59,84.42
83.87,19.36,112.05
88.98,19.73,83.14
81.61,16.05,93.25
86.70,19.87,83.71
102.41,12.85,89.88
84.27,13.07,98.04
112.62,10.25,87.34
80.74,9.10,114.37
89.65,9.63,86.67
85.87,5.80,95.77
86.94,5.63,86.88
114.37,2.97,89.95
86.35,0.00,117.00
118.09,1.59,83.00
78.36,3.01,115.00
87.22,6.03,80.00
96.04,5.47,84.00
80.09,7.70,86.00
88.84,8.40,78.00
79.80,9.80,89.00
76.67,11.47,80.00
77.45,12.42,80.00
77.22,13.62,78.00
77.94,14.96,79.00
78.64,16.51,81.00
87.04,18.09,81.00
78.01,19.93,87.00
92.04,20.55,79.00
78.24,22.71,109.00
82.58,27.28,81.00
76.46,24.84,88.00
78.83,35.87,80.00
83.94,27.16,83.00
71.35,32.72,78.00
97.55,29.00,80.00
72.18,32.96,105.00
83.42,33.51,81.00
71.96,33.98,95.00
75.83,46.56,80.00
71.63,36.50,84.00
70.11,45.20,81.00
92.89,38.98,83.00
68.77,44.17,96.00
85.93,41.41,82.00
69.86,44.18,103.00
73.25,54.06,83.00
69.12,45.51,88.00
69.92,60.35,84.00
80.30,50.17,87.00
68.96,54.95,89.00
78.21,53.77,90.00
67.11,55.59,101.00
70.71,56.78,90.00
66.67,59.26,94.00
68.60,69.74,92.00
67.51,62.95,96.00
67.11,73.08,92.00
70.18,65.97,96.00
66.88,70.68,95.00
67.69,77.67,98.00
64.42,74.50,103.00
65.77,89.14,100.00
65.71,78.31,104.00
64.34,82.53,104.00
74.55,82.91,107.00
64.51,87.99,109.00
71.76,88.33,112.00
63.19,91.06,118.00
65.49,92.16,114.00
61.63,96.56,136.00
62.59,97.64,117.00
60.32,102.09,126.00
61.54,107.45,123.00
59.67,109.38,130.00
60.58,125.32,127.00
57.68,114.97,135.00
58.74,132.92,135.00
57.05,125.94,140.00
58.13,133.29,143.00
60.11,133.39,148.00
55.77,139.88,149.00
60.47,142.70,155.00
53.30,152.03,162.00
55.58,153.91,166.00
50.61,160.47,181.00
49.62,154.72,164.00
44.59,156.47,175.00
42.90,157.23,162.00
38.42,155.05,166.00
36.17,172.15,159.00
32.40,152.42,161.00
29.73,158.81,155.00
28.44,151.51,155.00
24.07,153.91,157.00
22.24,150.38,155.00
18.51,152.70,168.00
16.18,150.04,153.00
13.06,150.29,157.00
10.59,162.38,150.00
7.74,147.69,151.00
5.20,154.74,148.00
2.72,146.87,150.00
-0.00,149.87,147.00
-2.79,146.17,-2.62
-0.00,150.17,-0.00
2.59,145.18,2.55
5.10,146.11,5.13
7.60,145.99,7.69
10.20,146.83,10.46
13.00,152.57,12.81
15.70,146.38,15.57
17.94,151.03,17.91
22.70,145.76,20.74
23.18,148.32,25.03
26.77,145.93,25.87
28.46,148.39,30.72
31.64,153.70,31.39
33.56,147.29,34.64
36.81,157.29,36.77
40.15,147.94,40.12
42.49,152.96,42.45
50.01,146.46,45.61
47.94,150.39,51.91
52.45,146.69,51.11
53.40,149.53,56.78
57.74,154.13,57.34
59.61,148.46,61.06
62.95,155.63,62.52
66.74,147.18,67.52
68.93,151.43,68.04
75.86,140.34,68.82
69.53,138.24,69.01
72.37,129.96,69.48
69.91,126.99,75.15
69.62,118.00,68.50
68.64,114.23,71.08
69.04,110.49,67.83
67.71,105.09,70.26
68.96,112.13,69.34
70.16,99.39,71.70
70.73,96.55,69.36
72.42,92.93,71.62
71.03,90.91,70.19
79.49,88.11,71.11
69.04,84.57,69.42
71.77,76.56,67.57
67.21,76.12,73.60
70.54,72.73,68.88
68.39,70.11,70.16
71.03,77.36,71.42
70.82,69.09,71.93
69.83,67.83,68.75
74.65,61.22,69.11
69.80,61.33,68.68
69.33,58.17,68.94
69.56,56.95,74.61
70.53,55.72,70.92
70.69,53.87,69.48
70.80,52.61,69.58
70.06,49.06,71.27
69.26,48.38,68.81
75.90,45.50,69.61
70.00,44.80,74.63
69.05,42.51,72.00
71.49,41.27,71.88
73.94,42.43,71.72
72.01,37.82,71.52
73.55,41.54,72.17
79.55,34.01,73.70
73.01,34.89,71.60
89.04,31.96,74.91
73.24,30.70,93.89
77.46,29.06,73.25
72.42,28.87,78.42
72.89,35.04,73.30
73.35,25.26,73.75
75.67,26.74,73.23
96.06,22.39,74.59
74.57,21.66,81.71
88.38,19.56,74.38
73.34,18.53,98.00
77.52,19.69,74.05
72.96,16.13,82.16
75.17,20.30,73.62
83.25,13.30,78.78
75.64,14.47,75.06
111.29,10.66,77.24
74.03,9.94,107.19
88.03,8.21,75.58
74.31,6.59,99.62
80.36,7.56,74.82
81.44,3.85,82.89
76.53,3.33,75.95
117.98,0.00,81.00
79.98,1.68,119.00
109.92,3.21,77.00
73.89,3.98,104.00
76.80,7.95,72.00
87.65,6.19,73.00
72.59,7.63,69.00
77.41,8.53,70.00
68.32,9.88,76.00
67.15,10.48,69.00
66.96,11.98,68.00
66.74,13.35,69.00
68.46,14.76,72.00
67.22,19.12,71.00
68.88,17.17,73.00
67.60,20.18,69.00
86.50,19.02,71.00
65.97,22.22,73.00
92.24,21.32,68.00
65.23,23.11,98.00
75.16,23.60,69.00
64.41,25.44,94.00
67.67,35.58,69.00
63.51,27.35,77.00
64.85,39.04,68.00
77.93,29.58,72.00
62.01,33.31,72.00
87.31,31.32,70.00
61.80,34.74,97.00
74.33,33.45,71.00
60.61,35.49,95.00
65.13,48.92,73.00
61.90,38.15,81.00
61.21,49.55,73.00
82.06,40.81,73.00
61.43,44.73,83.00
77.65,44.66,76.00
62.28,46.33,101.00
63.82,52.94,80.00
60.61,49.71,83.00
60.51,62.98,80.00
63.39,54.44,83.00
60.19,58.21,84.00
80.44,54.55,84.00
60.42,59.04,103.00
61.51,59.39,85.00
59.73,59.70,94.00
59.32,76.78,89.00
58.21,63.90,91.00
58.38,72.44,90.00
68.13,69.70,92.00
57.26,73.82,99.00
59.71,75.64,96.00
56.56,77.46,112.00
59.36,80.89,97.00
56.78,81.08,105.00
58.71,96.98,102.00
56.09,88.89,107.00
56.16,94.97,104.00
64.37,92.56,108.00
53.99,96.11,109.00
59.14,97.07,113.00
53.04,101.52,119.00
55.83,103.34,118.00
51.28,107.84,137.00
52.82,109.65,122.00
50.02,114.18,131.00
51.18,127.01,131.00
49.82,126.08,140.00
49.81,143.75,138.00
48.56,134.36,147.00
48.83,150.31,148.00
48.51,145.49,157.00
46.48,157.77,158.00
46.85,153.78,163.00
41.66,159.35,160.00
41.60,154.25,160.00
35.76,156.85,177.00
33.26,150.61,156.00
29.57,153.11,162.00
27.61,160.50,154.00
24.09,153.07,159.00
21.43,161.39,151.00
18.64,148.86,153.00
15.68,154.13,149.00
14.73,148.41,151.00
10.39,151.61,155.00
8.11,147.77,149.00
5.20,149.89,166.00
2.58,143.96,144.00
-0.00,144.98,150.00
-2.57,158.98,-2.57
-0.00,149.00,-0.00
2.55,145.98,2.55
5.10,144.91,5.06
7.69,148.80,7.64
10.88,145.64,10.25
12.90,147.44,14.12
15.78,145.20,15.37
17.91,146.90,18.65
20.88,165.37,20.60
23.15,147.17,23.93
26.22,152.65,26.05
31.67,146.26,28.81
31.19,146.72,32.02
35.32,146.16,34.19
37.01,148.46,40.16
40.38,149.72,39.08
41.90,147.07,43.55
45.03,157.79,44.44
47.28,145.51,47.59
50.14,149.39,49.81
57.80,144.71,53.36
56.98,151.24,59.49
61.06,146.50,59.19
60.17,141.76,65.25
61.42,135.20,60.20
61.70,132.32,62.97
62.25,135.72,60.50
61.29,121.18,62.65
62.44,125.38,61.03
62.06,111.08,62.06
62.50,110.85,61.50
69.02,102.86,62.32
62.00,100.92,62.00
66.45,95.61,62.09
62.63,92.85,67.66
63.67,88.47,61.95
61.72,87.37,68.77
64.39,85.45,62.59
62.18,80.38,63.41
64.19,86.26,62.30
62.35,74.31,63.64
62.98,73.21,61.67
62.23,69.11,62.90
63.43,68.75,66.15
62.52,64.02,63.21
63.64,62.93,62.23
64.74,60.44,62.58
63.63,60.02,64.36
65.40,58.88,63.17
63.40,55.77,64.91
65.11,54.64,64.35
66.83,52.86,66.06
64.62,51.72,64.62
63.89,49.35,63.09
65.53,47.61,64.72
65.53,49.90,64.71
63.84,44.74,69.64
65.42,41.94,65.42
76.32,40.27,64.45
66.86,40.17,65.14
67.55,37.50,65.82
65.60,36.85,75.22
66.22,38.50,66.22
65.93,35.41,73.06
67.41,41.65,67.41
71.60,32.12,70.69
70.34,32.95,66.69
90.21,28.52,69.04
68.61,28.10,83.45
74.69,25.80,69.08
67.66,24.63,83.63
70.91,27.67,67.13
68.48,22.25,73.23
69.81,27.48,67.90
86.51,19.57,68.25
69.55,19.93,70.51
90.24,16.69,68.89
67.23,15.97,95.49
76.30,14.76,67.49
66.75,13.36,90.31
72.88,16.67,66.97
68.15,10.95,76.05
70.31,14.06,67.34
94.29,8.29,72.46
68.62,8.26,74.59
96.63,5.75,67.74
66.84,4.88,95.77
76.89,3.77,66.91
65.96,2.37,96.94
72.72,0.00,66.00
66.73,1.18,99.00
68.70,3.62,63.00
86.55,3.28,69.00
63.60,5.07,65.00
85.35,5.30,63.00
60.43,6.56,84.00
64.27,7.16,60.00
58.20,8.32,61.00
57.07,9.19,59.00
57.88,10.21,58.00
58.67,11.40,59.00
62.36,12.63,63.00
60.18,14.79,61.00
82.16,14.94,64.00
60.62,17.79,69.00
83.31,17.02,65.00
60.97,19.51,92.00
68.22,24.63,64.00
59.34,21.41,74.00
63.66,33.73,64.00
64.17,23.56,70.00
60.96,32.09,63.00
85.28,24.91,68.00
60.97,30.39,73.00
84.87,27.37,67.00
59.09,30.13,96.00
68.35,29.85,67.00
59.81,33.67,93.00
63.60,44.43,68.00
57.80,34.37,75.00
58.92,49.26,67.00
69.28,35.90,71.00
57.65,42.32,68.00
83.41,37.88,70.00
57.12,42.85,90.00
66.09,40.40,72.00
56.49,41.97,86.00
58.09,52.13,73.00
55.74,46.39,79.00
56.47,58.91,74.00
61.65,49.02,77.00
54.78,53.99,75.00
74.31,53.67,76.00
55.18,54.67,91.00
57.06,53.54,78.00
53.29,55.18,97.00
54.35,68.49,81.00
53.33,59.97,83.00
52.94,70.67,84.00
60.19,64.87,83.00
50.78,67.35,87.00
59.49,65.94,87.00
52.76,70.01,105.00
52.70,73.34,89.00
50.85,72.63,95.00
51.25,86.72,90.00
49.37,77.70,95.00
51.21,81.95,94.00
53.36,81.12,99.00
49.31,86.27,98.00
52.16,87.13,103.00
47.70,92.36,119.00
49.75,94.97,108.00
47.60,100.28,123.00
48.42,108.34,115.00
47.41,108.30,122.00
47.88,123.80,122.00
46.27,116.38,129.00
45.70,127.41,127.00
45.66,123.57,135.00
45.08,137.52,141.00
49.25,137.38,146.00
43.69,146.71,150.00
44.48,146.51,154.00
40.22,153.00,165.00
39.28,149.82,156.00
34.51,151.42,165.00
32.10,150.06,154.00
29.27,151.57,159.00
26.81,164.82,151.00
23.53,148.57,154.00
20.94,153.89,150.00
19.79,148.32,151.00
15.72,152.57,150.00
13.20,162.75,149.00
10.35,149.07,152.00
7.82,153.20,148.00
5.53,146.35,150.00
2.57,150.40,145.00
-0.00,150.43,153.00
-2.60,154.13,-2.90
-0.00,148.18,-0.00
2.57,146.17,2.58
5.10,147.10,5.17
7.70,148.97,8.01
10.41,156.75,10.32
13.70,147.62,13.07
15.59,148.36,15.57
19.63,147.08,18.40
20.76,150.68,23.10
24.11,148.32,23.78
26.25,149.85,27.61
29.22,164.01,29.19
31.64,149.81,32.43
34.23,153.11,33.97
39.46,146.68,37.26
39.38,147.94,39.34
43.31,144.36,41.62
43.62,145.51,46.49
47.64,142.82,47.28
49.22,144.81,50.79
52.38,152.33,51.99
54.89,143.91,56.26
57.37,145.69,56.94
61.40,135.49,58.61
58.65,132.65,57.35
64.73,121.68,57.90
57.11,117.99,60.93
58.24,110.77,57.20
56.96,108.01,60.56
59.30,106.12,57.21
57.18,99.91,59.00
58.90,103.15,57.17
56.92,91.09,58.29
57.96,91.75,57.19
64.51,85.75,58.72
59.33,85.54,57.93
60.21,79.65,58.78
58.06,78.63,63.79
58.78,73.67,58.49
59.46,73.42,61.04
60.73,76.95,59.14
58.72,68.30,60.36
59.23,67.26,60.22
64.43,64.73,61.38
60.80,62.96,64.60
61.18,59.77,59.40
60.09,58.72,62.58
59.64,62.40,60.70
60.60,54.57,60.94
61.55,54.15,59.62
67.04,50.50,61.28
60.29,49.44,59.84
63.48,47.15,61.46
60.36,46.09,70.28
60.34,43.26,59.06
59.47,42.21,62.26
61.01,47.27,59.69
58.39,38.46,58.71
58.19,35.84,57.67
69.90,35.34,60.00
60.29,35.31,65.82
62.63,32.30,60.35
61.47,33.15,67.10
63.80,32.06,59.70
59.89,29.65,64.71
63.09,38.67,60.72
61.78,27.10,63.03
62.25,29.53,60.75
84.83,24.59,63.98
62.21,25.66,68.15
75.70,22.11,62.02
61.12,22.34,86.99
68.10,22.13,60.87
60.87,18.90,67.90
65.01,25.77,61.52
62.44,16.73,66.65
61.76,18.77,60.16
91.09,14.09,64.31
63.23,14.47,73.36
83.96,11.96,62.82
63.66,11.40,96.51
70.72,11.05,61.24
61.06,8.72,84.17
66.14,11.64,60.55
67.26,6.55,68.62
62.42,7.63,60.77
95.24,4.37,64.84
62.57,3.96,75.90
99.39,2.15,64.96
